-99,CellType,OrigCell,NewCell,PageNum,MOBIL1,11
0,2,1,5,1
0,2,2,6,1
0,2,3,7,1
0,2,4,8,1
0,2,5,9,1
0,2,6,10,1
0,2,7,11,1
0,2,8,12,1
0,2,9,13,1
0,2,10,14,1
0,2,11,15,1
0,2,12,16,1
0,2,13,17,1
0,2,14,18,1
0,2,15,19,1
0,2,16,20,1
0,2,17,21,1
0,2,18,22,1
0,2,19,23,1
0,2,20,24,1
0,2,21,25,1
0,2,22,26,1
0,2,23,27,1
0,2,24,28,1
0,2,25,29,1
0,2,26,30,1
0,2,27,31,1
0,2,28,32,1
0,2,29,33,1
0,2,30,34,1
0,2,31,35,1
0,2,32,36,1
0,2,33,37,1
0,2,34,38,1
0,2,35,39,1
0,2,36,40,1
0,2,37,41,1
0,2,38,42,1
0,2,39,43,1
0,2,40,44,1
0,2,41,45,1
0,2,42,46,1
0,2,43,47,1
0,2,44,48,1
0,2,45,49,1
0,2,46,50,1
0,2,47,51,1
0,2,48,52,1
0,2,49,53,1
0,2,50,54,1
0,2,51,55,1
0,2,52,56,1
0,2,53,57,1
0,2,54,58,1
0,2,55,59,1
0,2,56,60,1
0,2,57,61,1
0,2,58,62,1
0,2,59,63,1
0,2,60,64,1
0,2,61,65,1
0,2,62,66,1
0,2,63,67,1
0,2,64,68,1
0,2,65,69,1
0,2,66,70,1
0,2,67,71,1
0,2,68,72,1
0,2,69,73,1
0,2,70,74,1
0,2,71,75,1
0,2,72,76,1
0,2,73,77,1
0,2,74,78,1
0,2,75,79,1
0,2,76,80,1
0,2,77,81,1
0,2,78,82,1
0,2,79,83,1
0,2,80,84,1
0,2,81,85,1
0,2,82,86,1
0,2,83,87,1
0,2,84,88,1
0,2,85,89,1
0,2,86,90,1
0,2,87,91,1
0,2,88,92,1
0,2,89,93,1
0,2,90,94,1
0,2,91,95,1
0,2,92,96,1
0,2,93,97,1
0,2,94,98,1
0,2,95,99,1
0,2,96,100,1
0,2,97,101,1
0,2,98,102,1
0,2,99,103,1
0,2,100,104,1
0,2,101,105,1
0,2,102,106,1
0,2,103,107,1
0,2,104,108,1
0,2,105,109,1
0,2,106,110,1
0,2,107,111,1
0,2,108,112,1
0,2,109,113,1
0,2,110,114,1
0,2,111,115,1
0,2,112,116,1
0,2,113,117,1
0,2,114,118,1
0,2,115,119,1
0,2,116,120,1
0,2,117,121,1
0,2,118,122,1
0,2,119,123,1
0,2,120,124,1
0,2,121,125,1
0,2,122,126,1
0,2,123,127,1
0,2,124,128,1
0,2,125,129,1
0,2,126,130,1
0,2,127,131,1
0,2,128,132,1
0,2,129,133,1
0,2,130,134,1
0,2,131,135,1
0,2,132,136,1
0,2,133,137,1
0,2,134,138,1
0,2,135,139,1
0,2,136,140,1
0,2,137,141,1
0,2,138,142,1
0,2,139,143,1
0,2,140,144,1
0,2,141,145,1
0,2,142,146,1
0,2,143,147,1
0,2,144,148,1
0,2,145,149,1
0,2,146,150,1
0,2,147,151,1
0,2,148,152,1
0,2,149,153,1
0,2,150,154,1
0,2,151,155,1
0,2,152,156,1
0,2,153,157,1
0,2,154,158,1
0,2,155,159,1
0,2,156,160,1
0,2,157,161,1
0,2,158,162,1
0,2,159,163,1
0,2,160,164,1
0,2,161,165,1
0,2,162,166,1
0,2,163,167,1
0,2,164,168,1
0,2,165,169,1
0,2,166,170,1
0,2,167,171,1
0,2,168,172,1
0,2,169,173,1
0,2,170,174,1
0,2,171,175,1
0,2,172,176,1
0,2,173,177,1
0,2,174,178,1
0,2,175,179,1
0,2,176,180,1
0,2,177,181,1
0,2,178,182,1
0,2,179,183,1
0,2,180,184,1
0,2,181,185,1
0,2,182,186,1
0,2,183,187,1
0,2,184,188,1
0,2,185,189,1
0,2,186,190,1
0,2,187,191,1
0,2,188,192,1
0,2,189,193,1
0,2,190,194,1
0,2,191,195,1
0,2,192,196,1
0,2,193,197,1
0,2,194,198,1
0,2,195,199,1
0,2,196,200,1
0,2,197,201,1
0,2,198,202,1
0,2,199,203,1
0,2,200,204,1
0,2,201,205,1
0,2,202,206,1
0,2,203,207,1
0,2,204,208,1
0,2,205,209,1
0,2,206,210,1
0,2,207,211,1
0,2,208,212,1
0,2,209,213,1
0,2,210,214,1
0,2,211,215,1
0,2,212,216,1
0,2,213,217,1
0,2,214,218,1
0,2,215,219,1
0,2,216,220,1
0,2,217,221,1
0,2,218,222,1
0,2,219,223,1
0,2,220,224,1
0,2,221,225,1
0,2,222,226,1
0,2,223,227,1
0,2,224,228,1
0,2,225,229,1
0,2,226,230,1
0,2,227,231,1
0,2,228,232,1
0,2,229,233,1
0,2,230,234,1
0,2,231,235,1
0,2,232,236,1
0,2,233,237,1
0,2,234,238,1
0,2,235,239,1
0,2,236,240,1
0,2,237,241,1
0,2,238,242,1
0,2,239,243,1
0,2,240,244,1
0,2,241,245,1
0,2,242,246,1
0,2,243,247,1
0,2,244,248,1
0,2,245,249,1
0,2,246,250,1
0,2,247,251,1
0,2,248,252,1
0,2,249,253,1
0,2,250,254,1
0,2,251,255,1
0,2,252,256,1
0,2,253,257,1
0,2,254,258,1
0,2,255,259,1
0,2,256,260,1
0,2,257,261,1
0,2,258,262,1
0,2,259,263,1
0,2,260,264,1
0,2,261,265,1
0,2,262,266,1
0,2,263,267,1
0,2,264,268,1
0,2,265,269,1
0,2,266,270,1
0,2,267,271,1
0,2,268,272,1
0,2,269,273,1
0,2,270,274,1
0,2,271,275,1
0,2,272,276,1
0,2,273,277,1
0,2,274,278,1
0,2,275,279,1
0,2,276,280,1
0,2,277,281,1
0,2,278,282,1
0,2,279,283,1
0,2,280,284,1
0,2,281,285,1
0,2,282,286,1
0,2,283,287,1
0,2,284,288,1
0,2,285,289,1
0,2,286,290,1
0,2,287,291,1
0,2,288,292,1
0,2,289,293,1
0,2,290,294,1
0,2,291,295,1
0,2,292,296,1
0,2,293,297,1
0,2,294,298,1
0,2,295,299,1
0,2,296,300,1
0,2,297,301,1
0,2,298,302,1
0,2,299,303,1
0,2,300,304,1
0,2,301,305,1
0,2,302,306,1
0,2,303,307,1
0,2,304,308,1
0,2,305,309,1
0,2,306,310,1
0,2,307,311,1
0,2,308,312,1
0,2,309,313,1
0,2,310,314,1
0,2,311,315,1
0,2,312,316,1
0,2,313,317,1
0,2,314,318,1
0,2,315,319,1
0,2,316,320,1
0,2,317,321,1
0,2,318,322,1
0,2,319,323,1
0,2,320,324,1
0,2,321,325,1
0,2,322,326,1
0,2,323,327,1
0,2,324,328,1
0,2,325,329,1
0,2,326,330,1
0,2,327,331,1
0,2,328,332,1
0,2,329,333,1
0,2,330,334,1
0,2,331,335,1
0,2,332,336,1
0,2,333,337,1
0,2,334,338,1
0,2,335,339,1
0,2,336,340,1
0,2,337,341,1
0,2,338,342,1
0,2,339,343,1
0,2,340,344,1
0,2,341,345,1
0,2,342,346,1
0,2,343,347,1
0,2,344,348,1