-99,CellType,OrigCell,NewCell,PageNum,MOBIL2,11
0,2,1,5,2
0,2,2,6,2
0,2,3,7,2
0,2,4,8,2
0,2,5,9,2
0,2,6,10,2
0,2,7,11,2
0,2,8,12,2
0,2,9,13,2
0,2,10,14,2
0,2,11,15,2
0,2,12,16,2
0,2,13,17,2
0,2,14,18,2
0,2,15,19,2
0,2,16,20,2
0,2,17,21,2
0,2,18,22,2
0,2,19,23,2
0,2,20,24,2
0,2,21,25,2
0,2,22,26,2
0,2,23,27,2
0,2,24,28,2
0,2,25,29,2
0,2,26,30,2
0,2,27,31,2
0,2,28,32,2
0,2,29,33,2
0,2,30,34,2
0,2,31,35,2
0,2,32,36,2
0,2,33,37,2
0,2,34,38,2
0,2,35,39,2
0,2,36,40,2
0,2,37,41,2
0,2,38,42,2
0,2,39,43,2
0,2,40,44,2
0,2,41,45,2
0,2,42,46,2
0,2,43,47,2
0,2,44,48,2
0,2,45,49,2
0,2,46,50,2
0,2,47,51,2
0,2,48,52,2
0,2,49,53,2
0,2,50,54,2
0,2,51,55,2
0,2,52,56,2
0,2,53,57,2
0,2,54,58,2
0,2,55,59,2
0,2,56,60,2
0,2,57,61,2
0,2,58,62,2
0,2,59,63,2
0,2,60,64,2
0,2,61,65,2
0,2,62,66,2
0,2,63,67,2
0,2,64,68,2
0,2,65,69,2
0,2,66,70,2
0,2,67,71,2
0,2,68,72,2
0,2,69,73,2
0,2,70,74,2
0,2,71,75,2
0,2,72,76,2
0,2,73,77,2
0,2,74,78,2
0,2,75,79,2
0,2,76,80,2
0,2,77,81,2
0,2,78,82,2
0,2,79,83,2
0,2,80,84,2
0,2,81,85,2
0,2,82,86,2
0,2,83,87,2
0,2,84,88,2
0,2,85,89,2
0,2,86,90,2
0,2,87,91,2
0,2,88,92,2
0,2,89,93,2
0,2,90,94,2
0,2,91,95,2
0,2,92,96,2
0,2,93,97,2
0,2,94,98,2
0,2,95,99,2
0,2,96,100,2
0,2,97,101,2
0,2,98,102,2
0,2,99,103,2
0,2,100,104,2
0,2,101,105,2
0,2,102,106,2
0,2,103,107,2
0,2,104,108,2
0,2,105,109,2
0,2,106,110,2
0,2,107,111,2
0,2,108,112,2
0,2,109,113,2
0,2,110,114,2
0,2,111,115,2
0,2,112,116,2
0,2,113,117,2
0,2,114,118,2
0,2,115,119,2
0,2,116,120,2
0,2,117,121,2
0,2,118,122,2
0,2,119,123,2
0,2,120,124,2
0,2,121,125,2
0,2,122,126,2
0,2,123,127,2
0,2,124,128,2
0,2,125,129,2
0,2,126,130,2
0,2,127,131,2
0,2,128,132,2
0,2,129,133,2
0,2,130,134,2
0,2,131,135,2
0,2,132,136,2
0,2,133,137,2
0,2,134,138,2
0,2,135,139,2
0,2,136,140,2
0,2,137,141,2
0,2,138,142,2
0,2,139,143,2
0,2,140,144,2
0,2,141,145,2
0,2,142,146,2
0,2,143,147,2
0,2,144,148,2
0,2,145,149,2
0,2,146,150,2
0,2,147,151,2
0,2,148,152,2
0,2,149,153,2
0,2,150,154,2
0,2,151,155,2
0,2,152,156,2
0,2,153,157,2
0,2,154,158,2
0,2,155,159,2
0,2,156,160,2
0,2,157,161,2
0,2,158,162,2
0,2,159,163,2
0,2,160,164,2
0,2,161,165,2
0,2,162,166,2
0,2,163,167,2
0,2,164,168,2
0,2,165,169,2
0,2,166,170,2
0,2,167,171,2
0,2,168,172,2
0,2,169,173,2
0,2,170,174,2
0,2,171,175,2
0,2,172,176,2
0,2,173,177,2
0,2,174,178,2
0,2,175,179,2
0,2,176,180,2
0,2,177,181,2
0,2,178,182,2
0,2,179,183,2
1,1,180,0,0
2,5,181,184,2
0,2,182,185,2
1,1,183,0,0
2,5,184,186,2
0,2,185,187,2
0,2,186,188,2
0,2,187,189,2
0,2,188,190,2
0,2,189,191,2