-99,CellType,OrigCell,NewCell,PageNum,S2065P4,1
0,2,1,3,1
0,2,2,6,1
0,2,3,7,1
0,2,4,8,1
0,2,5,9,1
0,2,6,10,1
0,2,7,11,1
0,2,8,12,1
0,2,9,13,1
0,2,10,15,1
0,2,11,16,1
0,2,12,17,1
0,2,13,18,1
0,2,14,19,1
0,2,15,20,1
0,2,16,21,1
0,2,17,22,1
0,2,18,23,1
0,2,19,24,1
0,2,20,25,1
0,2,21,26,1
0,2,22,27,1
0,2,23,28,1
0,2,24,29,1
0,2,25,30,1
0,2,26,31,1
0,2,27,32,1
0,2,28,33,1
0,2,29,34,1
0,2,30,35,1
0,2,31,36,1
0,2,32,39,1
0,2,33,40,1
0,2,34,41,1
0,2,35,42,1
0,2,36,43,1
0,2,37,44,1
0,2,38,45,1
0,2,39,46,1
0,2,40,47,1
0,2,41,48,1
0,2,42,49,1
0,2,43,50,1
0,2,44,51,1
0,2,45,52,1
0,2,46,53,1
0,2,47,54,1
0,2,48,55,1
0,2,49,56,1
0,2,50,57,1
0,2,51,58,1
0,2,52,59,1
0,2,53,60,1
0,2,54,61,1
0,2,55,62,1
0,2,56,63,1
0,2,57,64,1
0,2,58,65,1
0,2,59,66,1
0,2,60,67,1
0,2,61,68,1
0,2,62,69,1
0,2,63,70,1
0,2,64,71,1
0,2,65,72,1
0,2,66,73,1
0,2,67,74,1
0,2,68,75,1
0,2,69,76,1
0,2,70,77,1
0,2,71,78,1
0,2,72,79,1
0,2,73,80,1
0,2,74,81,1
0,2,75,82,1
0,2,76,85,1
0,2,77,86,1
0,2,78,87,1
0,2,79,88,1
0,2,80,89,1
0,2,81,90,1
0,2,82,91,1
0,2,83,92,1
0,2,84,93,1
0,2,85,94,1
0,2,86,95,1
0,2,87,96,1
0,2,88,97,1
0,2,89,98,1
0,2,90,99,1
0,2,91,100,1
0,2,92,101,1
0,2,93,102,1
0,2,94,103,1
0,2,95,104,1
0,2,96,105,1
0,2,97,106,1
0,2,98,107,1
0,2,99,108,1
0,2,100,109,1
0,2,101,110,1
0,2,102,111,1
0,2,103,112,1
0,2,104,113,1
0,2,105,114,1
0,2,106,115,1
0,2,107,116,1
0,2,108,117,1
0,2,109,118,1
0,2,110,119,1
0,2,111,120,1
0,2,112,121,1
0,2,113,122,1
0,2,114,123,1
0,2,115,124,1
0,2,116,125,1
0,2,117,126,1
0,2,118,127,1
0,2,119,128,1
0,2,120,131,1
0,2,121,132,1
0,2,122,133,1
0,2,123,134,1
0,2,124,135,1
0,2,125,136,1
0,2,126,137,1
0,2,127,138,1
0,2,128,139,1
0,2,129,140,1
0,2,130,141,1
0,2,131,142,1
0,2,132,143,1
0,2,133,144,1
0,2,134,145,1
0,2,135,146,1
0,2,136,147,1
0,2,137,148,1
0,2,138,149,1
0,2,139,150,1
0,2,140,151,1
0,2,141,152,1
0,2,142,153,1
0,2,143,154,1
0,2,144,155,1
0,2,145,156,1
0,2,146,157,1
0,2,147,158,1
0,2,148,159,1
0,2,149,160,1
0,2,150,161,1
0,2,151,162,1
0,2,152,163,1
0,2,153,164,1
0,2,154,165,1
0,2,155,166,1
0,2,156,167,1
0,2,157,168,1
0,2,158,169,1
0,2,159,170,1
0,2,160,171,1
0,2,161,172,1
0,2,162,173,1
0,2,163,174,1
0,2,164,175,1