-99,CellType,OrigCell,NewCell,PageNum,URAR2P2,1
0,2,1,1,2
0,2,2,2,2
0,2,3,5,2
0,2,4,6,2
0,2,5,7,2
0,2,6,8,2
0,2,7,9,2
0,2,8,10,2
0,2,9,11,2
0,2,10,12,2
0,2,11,13,2
0,2,12,14,2
0,2,13,15,2
0,2,14,16,2
0,2,15,17,2
0,2,16,18,2
0,2,17,19,2
0,2,18,20,2
0,2,19,21,2
0,2,20,22,2
0,2,21,23,2
0,2,22,24,2
0,2,23,25,2
0,2,24,26,2
0,2,25,27,2
0,2,26,28,2
0,2,27,29,2
0,0,28,0,2
0,0,29,0,2
0,0,30,0,2
0,2,31,30,2
0,2,32,31,2
0,2,33,32,2
0,2,34,33,2
0,2,35,34,2
0,2,36,35,2
0,2,37,36,2
0,2,38,37,2
0,2,39,38,2
0,2,40,39,2
0,2,41,40,2
0,2,42,41,2
0,2,43,42,2
0,2,44,43,2
0,2,45,44,2
0,2,46,45,2
0,2,47,46,2
0,2,48,47,2
0,2,49,48,2
0,2,50,49,2
0,2,51,50,2
0,2,52,51,2
0,2,53,52,2
0,2,54,53,2
0,2,55,54,2
0,2,56,55,2
0,2,57,56,2
0,2,58,57,2
0,2,59,58,2
0,2,60,59,2
0,2,61,60,2
0,2,62,61,2
0,2,63,62,2
0,2,64,63,2
0,2,65,64,2
0,2,66,65,2
0,2,67,66,2
0,2,68,67,2
0,2,69,68,2
0,2,70,69,2
0,2,71,70,2
0,2,72,71,2
0,2,73,72,2
0,2,74,73,2
0,2,75,74,2
0,2,76,75,2
0,2,77,76,2
0,2,78,77,2
0,2,79,78,2
0,2,80,79,2
0,2,81,80,2
0,2,82,81,2
0,2,83,82,2
0,2,84,83,2
0,2,85,84,2
0,2,86,85,2
0,2,87,86,2
0,2,88,87,2
0,2,89,88,2
0,2,90,89,2
0,2,91,90,2
0,2,92,91,2
0,2,93,92,2
0,2,94,93,2
0,2,95,94,2
0,2,96,95,2
0,2,97,96,2
0,2,98,97,2
0,2,99,98,2
0,2,100,99,2
0,2,101,100,2
0,2,102,101,2
0,2,103,102,2
0,2,104,103,2
0,2,105,104,2
0,2,106,105,2
0,2,107,106,2
0,2,108,107,2
0,2,109,108,2
0,2,110,109,2
0,2,111,110,2
0,2,112,111,2
0,2,113,112,2
0,2,114,113,2
0,2,115,114,2
0,2,116,115,2
0,2,117,116,2
0,2,118,117,2
0,2,119,118,2
0,2,120,119,2
0,2,121,120,2
0,2,122,121,2
0,2,123,122,2
0,2,124,123,2
0,2,125,124,2
0,2,126,125,2
0,2,127,126,2
0,2,128,127,2
0,2,129,128,2
0,2,130,129,2
0,2,131,130,2
0,2,132,131,2
0,2,133,132,2
0,2,134,133,2
0,2,135,134,2
0,2,136,135,2
0,2,137,136,2
0,2,138,137,2
0,2,139,138,2
0,2,140,139,2
0,2,141,140,2
0,2,142,141,2
0,2,143,142,2
0,2,144,143,2
0,2,145,144,2
0,2,146,145,2
0,2,147,146,2
0,2,148,147,2
0,2,149,148,2
0,2,150,149,2
0,2,151,150,2
0,2,152,151,2
0,2,153,152,2
0,2,154,153,2
0,2,155,154,2
0,2,156,155,2
0,2,157,156,2
0,2,158,157,2
0,2,159,158,2
0,2,160,159,2
0,2,161,160,2
0,2,162,161,2
0,2,163,162,2
0,2,164,163,2
0,2,165,164,2
0,2,166,165,2
0,2,167,166,2
0,2,168,167,2
0,2,169,168,2
0,2,170,169,2
0,2,171,170,2
0,2,172,171,2
0,2,173,172,2
0,2,174,173,2
0,2,175,174,2
0,2,176,175,2
0,2,177,176,2
0,2,178,177,2
0,2,179,178,2
0,2,180,179,2
0,2,181,180,2
0,2,182,181,2
0,2,183,182,2
0,2,184,183,2
0,2,185,184,2
0,2,186,185,2
0,2,187,186,2
0,2,188,187,2
0,2,189,188,2
0,2,190,189,2
0,2,191,190,2
0,2,192,191,2
0,2,193,192,2
0,2,194,193,2
0,2,195,194,2
0,2,196,195,2
0,2,197,196,2
0,2,198,197,2
0,2,199,198,2
0,2,200,199,2
0,2,201,200,2
0,2,202,201,2
0,2,203,202,2
0,2,204,203,2
0,2,205,204,2
0,2,206,205,2
0,2,207,206,2
0,2,208,207,2
0,2,209,208,2
0,2,210,209,2
0,2,211,210,2
0,2,212,211,2
0,2,213,212,2
0,2,214,213,2
0,2,215,214,2
0,2,216,215,2
0,2,217,216,2
0,2,218,217,2
0,2,219,218,2
0,2,220,219,2
0,2,221,220,2
0,2,222,221,2
0,2,223,222,2
0,2,224,223,2
0,2,225,224,2
0,2,226,225,2
0,2,227,226,2
0,2,228,227,2
0,2,229,228,2
0,2,230,229,2
0,2,231,230,2
0,2,232,231,2
0,2,233,232,2
0,2,234,233,2
0,2,235,234,2
0,2,236,235,2
0,2,237,236,2
0,2,238,237,2
0,2,239,238,2
0,2,240,239,2
0,2,241,240,2
0,2,242,241,2
3,6,243,242,2
3,7,243,243,2
3,8,243,244,2
3,6,244,245,2
3,7,244,246,2
3,8,244,247,2
3,6,245,248,2
3,7,245,249,2
3,8,245,250,2
3,6,246,251,2
3,7,246,252,2
3,8,246,253,2
0,2,247,254,2
0,2,248,255,2
0,2,249,256,2
0,2,250,257,2
0,2,251,258,2
0,2,252,259,2
0,2,253,260,2
0,2,254,261,2
0,2,255,262,2
0,2,256,263,2
0,2,257,264,2
0,2,258,265,2
0,2,259,266,2
0,2,260,267,2
0,2,261,268,2
0,2,262,269,2
0,2,263,270,2
0,2,264,271,2
0,2,265,272,2
0,2,266,273,2
0,2,267,274,2
0,2,268,275,2
0,2,269,276,2
0,2,270,277,2
0,2,271,278,2
0,2,272,279,2
0,2,273,280,2