-99,CellType,OrigCell,NewCell,PageNum,SINCOM4,18
0,2,1,2,4
0,2,2,5,4
0,2,3,6,4
0,2,4,7,4
0,2,5,8,4
0,2,6,9,4
0,2,7,10,4
0,2,8,11,4
0,2,9,12,4
0,2,10,13,4
0,2,11,14,4
0,2,12,15,4
0,2,13,16,4
0,2,14,17,4
0,2,15,18,4
0,2,16,19,4
0,2,17,20,4
0,2,18,21,4
0,2,19,22,4
0,2,20,23,4
0,2,21,24,4
0,2,22,25,4
0,2,23,26,4
0,2,24,27,4
0,2,25,28,4
0,2,26,29,4
0,2,27,30,4
0,2,28,31,4
0,2,29,32,4
0,2,30,33,4
0,2,31,34,4
0,2,32,35,4
0,2,33,36,4
0,2,34,37,4
0,2,35,38,4
0,2,36,39,4
0,2,37,40,4
0,2,38,41,4
0,2,39,42,4
0,2,40,43,4
0,2,41,44,4
0,2,42,45,4
0,2,43,46,4
0,2,44,47,4
0,2,45,48,4
0,2,46,49,4
0,2,47,50,4
0,2,48,51,4
0,2,49,52,4
0,2,50,53,4
0,2,51,54,4
0,2,52,55,4
0,2,53,56,4
0,2,54,57,4
0,2,55,58,4
0,2,56,59,4
0,2,57,60,4
0,2,58,61,4
0,2,59,62,4
0,2,60,63,4
0,2,61,64,4
0,2,62,65,4
0,2,63,66,4
0,2,64,67,4
0,2,65,68,4
0,2,66,69,4
0,2,67,70,4
0,2,68,71,4
0,2,69,72,4
0,2,70,73,4
0,2,71,74,4
0,2,72,75,4
0,2,73,76,4
0,2,74,77,4
0,2,75,78,4
0,2,76,79,4
0,2,77,80,4
0,2,78,81,4
0,2,79,82,4
0,2,80,83,4
0,2,81,84,4
0,2,82,85,4
0,2,83,86,4
0,2,84,87,4
0,2,85,88,4
0,2,86,89,4
0,2,87,90,4
0,2,88,91,4
0,2,89,92,4
0,2,90,93,4
0,2,91,94,4
0,2,92,95,4
0,2,93,96,4
0,2,94,97,4
0,2,95,98,4
0,2,96,99,4
0,2,97,100,4
0,2,98,101,4
0,2,99,102,4
0,2,100,103,4
0,2,101,104,4
0,2,102,105,4
0,2,103,106,4
0,2,104,107,4
0,2,105,108,4
0,2,106,109,4
0,2,107,110,4
0,2,108,111,4
0,2,109,112,4
0,2,110,113,4
0,2,111,114,4
0,2,112,115,4
0,2,113,116,4
0,2,114,117,4
0,2,115,118,4
0,2,116,119,4
0,2,117,120,4
0,2,118,121,4
0,2,119,122,4
0,2,120,123,4
0,2,121,124,4
0,2,122,125,4
0,2,123,126,4
0,2,124,127,4
0,2,125,128,4
0,2,126,129,4
0,2,127,130,4
0,2,128,131,4
0,2,129,132,4
0,2,130,133,4
0,2,131,134,4
0,2,132,135,4
0,2,133,136,4
0,2,134,137,4
0,2,135,138,4
0,2,136,139,4
0,2,137,140,4
0,2,138,141,4
0,2,139,142,4
0,2,140,143,4
0,2,141,144,4
0,2,142,145,4
0,2,143,146,4
0,2,144,147,4
0,2,145,148,4
0,2,146,149,4
0,2,147,150,4
0,2,148,151,4
0,2,149,152,4
0,2,150,153,4
0,2,151,154,4
0,2,152,155,4
0,2,153,156,4
0,2,154,157,4
0,2,155,158,4
0,2,156,159,4
0,2,157,160,4
0,2,158,161,4
0,2,159,162,4
0,2,160,163,4
0,2,161,164,4
0,2,162,165,4
0,2,163,166,4
0,2,164,167,4
0,2,165,168,4
0,2,166,169,4
0,2,167,170,4
0,2,168,171,4
0,2,169,172,4
0,2,170,173,4
0,2,171,174,4
0,2,172,175,4
0,2,173,176,4
0,2,174,177,4
0,2,175,178,4
0,2,176,179,4
0,2,177,180,4
0,2,178,181,4
0,2,179,182,4
0,2,180,183,4
0,2,181,184,4
0,2,182,185,4
0,2,183,186,4
0,2,184,187,4
0,2,185,188,4
0,2,186,189,4
0,2,187,190,4
0,2,188,191,4
0,2,189,192,4
0,2,190,193,4
0,2,191,194,4
0,2,192,195,4
0,2,193,196,4
0,2,194,197,4
0,2,195,198,4
0,2,196,199,4
0,2,197,200,4
0,2,198,201,4
0,2,199,202,4
0,2,200,203,4
0,2,201,204,4
0,2,202,205,4
0,2,203,206,4
0,2,204,207,4
0,2,205,208,4
0,2,206,209,4
0,2,207,210,4
0,2,208,211,4
0,2,209,212,4
0,2,210,213,4
0,2,211,214,4
0,2,212,215,4
0,2,213,216,4
0,2,214,217,4
0,2,215,218,4
0,2,216,219,4
0,2,217,220,4
0,2,218,221,4
0,2,219,222,4
0,2,220,223,4
0,2,221,224,4
0,2,222,225,4
0,2,223,226,4
0,2,224,227,4
0,2,225,228,4
0,2,226,229,4
0,2,227,230,4
0,2,228,231,4
0,2,229,232,4
0,2,230,233,4
0,2,231,234,4
0,2,232,235,4
0,2,233,236,4
0,2,234,237,4
0,2,235,238,4
0,2,236,239,4
0,2,237,240,4
0,2,238,241,4
0,2,239,242,4
0,2,240,243,4
0,2,241,244,4
0,2,242,245,4
0,2,243,246,4
0,2,244,247,4
0,2,245,248,4
0,2,246,249,4
0,2,247,250,4
0,2,248,251,4
0,2,249,252,4
0,2,250,253,4
0,2,251,254,4
0,2,252,255,4
0,2,253,256,4
0,2,254,257,4
0,2,255,258,4
0,2,256,259,4
0,2,257,260,4
0,2,258,261,4
0,2,259,262,4
0,2,260,263,4
0,2,261,264,4
0,2,262,265,4
0,2,263,266,4
0,2,264,267,4
0,2,265,268,4
0,2,266,269,4
0,2,267,270,4
0,2,268,271,4
0,2,269,272,4
0,2,270,273,4
0,2,271,274,4
0,2,272,275,4
0,2,273,276,4
0,2,274,277,4
0,2,275,278,4
0,2,276,279,4
0,2,277,280,4
0,2,278,281,4
0,2,279,282,4
0,2,280,283,4
0,2,281,284,4
0,2,282,285,4
0,2,283,286,4
0,2,284,287,4
0,2,285,288,4
0,2,286,289,4
0,2,287,290,4
0,2,288,291,4
0,2,289,292,4
0,2,290,293,4
0,2,291,294,4
0,2,292,295,4
0,2,293,296,4
0,2,294,297,4
0,2,295,298,4
0,2,296,299,4
0,2,297,300,4
0,2,298,301,4
0,2,299,302,4
0,2,300,303,4
0,2,301,304,4
0,2,302,305,4
0,2,303,306,4
0,2,304,307,4
0,2,305,308,4
0,2,306,309,4
0,2,307,310,4
0,2,308,311,4
0,2,309,312,4
0,2,310,313,4
0,2,311,314,4
0,2,312,315,4
0,2,313,316,4
0,2,314,317,4
0,2,315,318,4
0,2,316,319,4
0,2,317,320,4
0,2,318,321,4
0,2,319,322,4
0,2,320,323,4
0,2,321,324,4
0,2,322,325,4
0,2,323,326,4
0,2,324,327,4
0,2,325,328,4
0,2,326,329,4
0,2,327,330,4
0,2,328,331,4
0,2,329,332,4
0,2,330,333,4
0,2,331,334,4
0,2,332,335,4
0,2,333,336,4
0,2,334,337,4