-99,CellType,OrigCell,NewCell,PageNum,FLOOD-FLDPG01,53
0,2,1,1,1
0,2,2,2,1
0,2,3,4,1
0,2,4,5,1
0,2,5,6,1
0,2,6,7,1
0,2,7,8,1
0,2,8,9,1
0,2,9,10,1
0,2,10,11,1
0,2,11,12,1
0,2,12,13,1
0,2,13,14,1
0,2,14,15,1
0,2,15,16,1
0,2,16,17,1
0,2,17,18,1
0,2,18,19,1
0,2,19,20,1
0,2,20,21,1
0,2,21,22,1
0,2,22,23,1
0,2,23,24,1
0,2,24,25,1
0,2,25,26,1
0,2,26,27,1
0,2,27,28,1
0,2,28,29,1
0,2,29,30,1
0,2,30,31,1
0,2,31,32,1
0,2,32,33,1
0,2,33,34,1
0,2,34,35,1
0,2,35,36,1
0,2,36,37,1
0,2,37,38,1
0,2,38,39,1
0,2,39,40,1
0,2,40,41,1
0,2,41,42,1
0,2,42,43,1
0,2,43,44,1
0,2,44,45,1
0,2,45,46,1
0,2,46,47,1
0,2,47,48,1
0,2,48,49,1
0,2,49,50,1
0,2,50,51,1
0,2,51,52,1
0,2,52,53,1
0,0,53,0,1
0,0,54,0,1
0,0,55,0,1
0,0,56,0,1
0,0,57,0,1