-99,CellType,OrigCell,NewCell,PageNum,RVSHT,132
0,2,1,5,1
0,2,2,6,1
0,2,3,7,1
0,2,4,8,1
0,2,5,9,1
0,2,6,10,1
0,2,7,11,1
0,2,8,12,1
0,2,9,13,1
0,2,10,14,1
0,2,11,15,1
0,2,12,16,1
0,2,13,17,1
0,2,14,18,1
0,2,15,19,1
0,2,16,20,1
0,2,17,21,1
0,2,18,22,1
0,2,19,23,1
0,2,20,24,1
0,2,21,25,1
0,2,22,26,1
0,2,23,27,1
0,2,24,28,1
0,2,25,29,1
0,2,26,30,1
0,2,27,31,1
0,2,28,32,1
0,2,29,33,1
0,2,30,34,1
0,2,31,35,1
0,2,32,36,1
0,2,33,37,1
0,2,34,38,1
0,2,35,39,1
0,2,36,40,1
0,2,37,41,1
0,2,38,42,1
0,2,39,43,1
0,2,40,44,1
0,2,41,45,1
0,2,42,46,1
0,2,43,47,1
0,2,44,48,1
0,2,45,49,1
0,2,46,50,1
0,2,47,51,1
0,2,48,52,1
0,2,49,53,1
0,2,50,54,1
0,2,51,55,1
0,2,52,56,1
0,2,53,57,1
0,2,54,58,1
0,2,55,59,1
0,2,56,60,1
0,2,57,61,1
0,2,58,62,1
0,2,59,63,1
0,2,60,64,1
0,2,61,65,1
0,2,62,66,1
0,2,63,67,1
0,2,64,68,1
0,2,65,69,1
0,2,66,70,1
0,2,67,71,1
0,2,68,72,1
0,2,69,73,1
0,2,70,74,1
0,2,71,75,1
0,2,72,76,1
0,2,73,77,1
0,2,74,78,1
0,2,75,79,1
0,2,76,80,1
0,2,77,81,1
0,2,78,82,1
0,2,79,83,1
0,2,80,84,1
0,2,81,85,1
0,2,82,86,1
0,2,83,87,1
0,2,84,91,1
0,2,85,92,1
0,2,86,93,1
0,2,87,88,1
0,2,88,89,1
0,2,89,90,1
0,2,90,100,1
0,2,91,101,1
0,2,92,102,1
0,2,93,97,1
0,2,94,98,1
0,2,95,99,1
0,2,96,106,1
0,2,97,107,1
0,2,98,108,1
0,2,99,109,1
0,2,100,110,1
0,2,101,111,1
0,2,102,112,1
0,2,103,113,1
0,2,104,114,1
0,2,105,115,1
0,2,106,116,1
0,2,107,117,1
0,2,108,118,1
0,2,109,119,1
0,2,110,120,1
0,2,111,121,1
0,2,112,122,1
0,2,113,123,1
0,2,114,124,1
0,2,115,125,1
0,2,116,126,1
0,2,117,127,1
0,2,118,128,1
0,2,119,129,1
0,2,120,130,1
0,2,121,131,1
0,2,122,132,1
0,2,123,133,1
0,2,124,134,1
0,2,125,135,1
0,2,126,136,1
0,2,127,137,1
0,2,128,138,1
0,2,129,139,1
0,2,130,140,1
0,2,131,141,1
0,2,132,142,1
0,2,133,143,1
0,2,134,144,1
0,2,135,145,1
0,2,136,146,1
0,2,137,147,1
0,2,138,148,1
0,2,139,149,1
0,2,140,150,1
0,2,141,151,1
0,2,142,152,1
0,2,143,153,1
0,2,144,154,1
0,2,145,155,1
0,2,146,156,1
0,2,147,157,1
0,2,148,158,1
0,2,149,159,1
0,2,150,160,1
0,2,151,161,1
0,2,152,162,1
0,2,153,163,1
0,2,154,164,1
0,2,155,165,1
0,2,156,166,1
0,2,157,167,1
0,2,158,168,1
0,2,159,169,1
0,2,160,170,1
0,2,161,171,1
0,2,162,172,1
0,2,163,173,1
0,2,164,174,1
0,2,165,175,1
0,2,166,176,1
0,2,167,177,1
0,2,168,178,1
0,2,169,179,1
0,2,170,180,1
0,2,171,181,1
0,2,172,182,1
0,2,173,183,1
0,2,174,184,1
0,2,175,185,1