-99,CellType,OrigCell,NewCell,PageNum,VC04,462
0,2,1,2,5
0,2,2,3,5
0,2,3,4,5
0,2,4,5,5
0,2,5,6,5
0,2,6,7,5
0,2,7,8,5
0,2,8,9,5
0,2,9,10,5
0,2,10,11,5
0,2,11,12,5
0,2,12,13,5
0,2,13,14,5
0,2,14,15,5
0,2,15,16,5
0,2,16,17,5
0,2,17,18,5
0,2,18,19,5
0,2,19,20,5
0,2,20,21,5
0,2,21,22,5
0,2,22,23,5
0,2,23,24,5
0,2,24,25,5
0,2,25,26,5
0,2,26,27,5
0,2,27,28,5
0,2,28,29,5
0,2,29,30,5
0,2,30,31,5
0,2,31,32,5
0,2,32,33,5
0,2,33,34,5
0,2,34,35,5
0,2,35,36,5
0,2,36,37,5
0,2,37,38,5
0,2,38,39,5
0,2,39,40,5
0,2,40,41,5
0,2,41,42,5
0,2,42,43,5
0,2,43,44,5
0,2,44,45,5
0,2,45,46,5
0,2,46,47,5
0,2,47,48,5
0,2,48,49,5
0,2,49,50,5
0,2,50,51,5
0,2,51,52,5
0,2,52,53,5
0,2,53,54,5
0,2,54,55,5
0,2,55,56,5
0,2,56,57,5
0,2,57,58,5
0,2,58,59,5
0,2,59,60,5
0,2,60,61,5
0,2,61,62,5
0,2,62,63,5
0,2,63,64,5
0,2,64,65,5
0,2,65,66,5
0,2,66,67,5
0,2,67,68,5
0,2,68,69,5
0,2,69,70,5
0,2,70,71,5
0,2,71,72,5
0,2,72,73,5
0,2,73,74,5
0,2,74,75,5
0,2,75,76,5
0,2,76,77,5
0,2,77,78,5
0,2,78,79,5
0,2,79,80,5
0,2,80,81,5
0,2,81,82,5
0,2,82,83,5
0,2,83,84,5
0,2,84,85,5
0,2,85,86,5
0,2,86,87,5
0,2,87,88,5
0,2,88,89,5
0,2,89,90,5
0,2,90,91,5
0,2,91,92,5
0,2,92,93,5
0,2,93,94,5
0,2,94,95,5
0,2,95,96,5
0,2,96,97,5
0,2,97,98,5
0,2,98,99,5
0,2,99,100,5
0,2,100,101,5
0,2,101,102,5
0,2,102,103,5
0,2,103,104,5
0,2,104,105,5
0,2,105,106,5
0,2,106,107,5
0,2,107,108,5
0,2,108,109,5
0,2,109,110,5
0,2,110,111,5
0,2,111,112,5
0,2,112,113,5
0,2,113,114,5
0,2,114,115,5
0,2,115,116,5
0,2,116,117,5
0,2,117,118,5
0,2,118,119,5
0,2,119,120,5
0,2,120,121,5
0,2,121,122,5
0,2,122,123,5
0,2,123,124,5
0,2,124,125,5
0,2,125,126,5
0,2,126,127,5
0,2,127,128,5
0,2,128,129,5
0,2,129,130,5
0,2,130,131,5
0,2,131,132,5
0,2,132,133,5
0,2,133,134,5
0,2,134,135,5
0,2,135,136,5
0,2,136,137,5
0,2,137,138,5
0,2,138,139,5
0,2,139,140,5
0,2,140,141,5
0,2,141,142,5
0,2,142,143,5
0,2,143,144,5
0,2,144,145,5
0,2,145,146,5
0,2,146,147,5
0,2,147,148,5
0,2,148,149,5
0,2,149,150,5
0,2,150,151,5
0,2,151,152,5
0,2,152,153,5
0,2,153,154,5
0,2,154,155,5
0,2,155,156,5
0,2,156,157,5
0,2,157,158,5
0,2,158,159,5
0,2,159,160,5
0,2,160,161,5
0,2,161,162,5
0,2,162,163,5
0,2,163,164,5
0,2,164,165,5
0,2,165,166,5
0,2,166,167,5
0,2,167,168,5
0,2,168,169,5
0,2,169,170,5
0,2,170,171,5
0,2,171,172,5
0,2,172,173,5
0,2,173,174,5
0,2,174,175,5
0,2,175,176,5
0,2,176,177,5
0,2,177,178,5
0,2,178,179,5
0,2,179,180,5
0,2,180,181,5
0,2,181,182,5
0,2,182,183,5
0,2,183,184,5
0,2,184,185,5
0,2,185,186,5
0,2,186,187,5
0,2,187,188,5
0,2,188,189,5
0,2,189,190,5
0,2,190,191,5
0,2,191,192,5
0,2,192,193,5
0,2,193,194,5
0,2,194,195,5
0,2,195,196,5
0,2,196,197,5
0,2,197,198,5
0,2,198,199,5
0,2,199,200,5