-99,CellType,OrigCell,NewCell,PageNum,H10383,455
0,2,1,1,3
0,2,2,2,3
0,2,3,5,3
0,2,4,6,3
0,2,5,7,3
0,2,6,8,3
0,2,7,9,3
0,2,8,10,3
0,2,9,11,3
0,2,10,12,3
0,2,11,13,3
0,2,12,14,3
0,2,13,15,3
0,2,14,16,3
0,2,15,17,3
0,2,16,18,3
0,2,17,19,3
0,2,18,20,3
0,2,19,21,3
0,2,20,22,3
0,2,21,23,3
0,2,22,24,3
0,2,23,26,3
0,2,24,27,3
0,2,25,28,3
0,2,26,29,3
0,2,27,30,3
0,2,28,31,3
0,2,29,32,3
0,2,30,33,3
0,2,31,34,3
0,2,32,35,3
0,2,33,36,3
0,2,34,37,3
0,2,35,38,3
0,2,36,39,3
0,2,37,40,3
0,2,38,41,3
0,2,39,42,3
0,2,40,43,3
0,2,41,44,3
0,2,42,45,3
0,2,43,46,3
0,2,44,47,3
0,2,45,48,3
0,2,46,49,3
0,2,47,50,3
0,2,48,51,3
0,2,49,52,3
0,2,50,53,3
0,2,51,54,3
0,2,52,55,3
0,2,53,56,3
0,2,54,57,3
0,2,55,58,3
0,2,56,59,3
0,2,57,60,3
0,2,58,61,3
0,2,59,62,3
0,2,60,63,3
0,2,61,64,3
0,2,62,65,3
0,2,63,66,3
0,2,64,67,3
0,2,65,68,3
0,2,66,69,3
0,2,67,70,3
0,2,68,71,3
0,2,69,72,3
0,2,70,73,3
0,2,71,74,3
0,2,72,75,3
0,2,73,76,3
0,2,74,77,3
0,2,75,78,3
0,2,76,79,3
0,2,77,80,3
0,2,78,81,3