-99,CellType,OrigCell,NewCell,PageNum
0,2,1,3,8
0,2,2,6,8
0,2,3,7,8
0,2,4,8,8
0,2,5,9,8
0,2,6,10,8
0,2,7,11,8
0,2,8,12,8
0,2,9,13,8
0,2,10,14,8
0,2,11,15,8
0,2,12,16,8
0,2,13,17,8
0,2,14,18,8
0,2,15,19,8
0,2,16,20,8
0,2,17,21,8
0,2,18,22,8
0,2,19,23,8
0,2,20,24,8
0,2,21,25,8
0,2,22,26,8
0,2,23,27,8
0,2,24,28,8
0,2,25,29,8
0,2,26,30,8
0,2,27,31,8
0,2,28,32,8
0,2,29,33,8
0,2,30,34,8
0,2,31,35,8
0,2,32,36,8
0,2,33,37,8
0,2,34,39,8
0,2,35,40,8
0,2,36,41,8
0,2,37,42,8
0,2,38,43,8
0,2,39,44,8
0,2,40,45,8
0,2,41,46,8
0,2,42,47,8
0,2,43,48,8
0,2,44,49,8
0,2,45,50,8
0,2,46,51,8
0,2,47,52,8
0,2,48,53,8
0,2,49,54,8
0,2,50,55,8
0,2,51,57,8
0,2,52,58,8
0,2,53,59,8
0,2,54,60,8
0,2,55,61,8
0,2,56,62,8
0,2,57,63,8
0,2,58,64,8
0,2,59,65,8
0,2,60,66,8
0,2,61,67,8
0,2,62,68,8
0,2,63,69,8
0,2,64,70,8
0,2,65,71,8
0,2,66,72,8
0,2,67,73,8
0,2,68,75,8
0,2,69,76,8
0,2,70,77,8
0,2,71,78,8
0,2,72,79,8
0,2,73,80,8
0,2,74,81,8
0,2,75,82,8
0,2,76,83,8
0,2,77,84,8
0,2,78,85,8
0,2,79,86,8
0,2,80,87,8
0,2,81,88,8
0,2,82,89,8
0,2,83,90,8
0,2,84,91,8
0,2,85,92,8
0,2,86,93,8
0,2,87,94,8
0,2,88,95,8
0,2,89,96,8
0,2,90,97,8
0,2,91,98,8
0,2,92,99,8
0,2,93,100,8
0,2,94,101,8
0,2,95,102,8
0,2,96,103,8
0,2,97,104,8
0,2,98,105,8
0,2,99,106,8
0,2,100,107,8
0,2,101,108,8
0,2,102,109,8
0,2,103,110,8
0,2,104,111,8
0,2,105,112,8
0,2,106,113,8
0,2,107,114,8
0,2,108,115,8
0,2,109,116,8
0,2,110,117,8
0,2,111,118,8
0,2,112,119,8
0,2,113,120,8
0,2,114,121,8
0,2,115,122,8
0,2,116,123,8
0,2,117,124,8
0,2,118,125,8
0,2,119,126,8
0,2,120,127,8
0,2,121,128,8
0,2,122,129,8
0,2,123,130,8
0,2,124,131,8
0,2,125,132,8
0,2,126,133,8
0,2,127,134,8
0,2,128,135,8
0,2,129,136,8
0,2,130,137,8
0,2,131,138,8
0,2,132,139,8
0,2,133,140,8
0,2,134,141,8
0,2,135,142,8
0,2,136,143,8
0,2,137,144,8