-99,CellType,OrigCell,NewCell,PageNum
0,2,1,3,9
0,2,2,6,9
0,2,3,7,9
0,2,4,8,9
0,2,5,9,9
0,2,6,10,9
0,2,7,11,9
0,2,8,12,9
0,2,9,13,9
0,2,10,14,9
0,2,11,15,9
0,2,12,16,9
0,2,13,17,9
0,2,14,18,9
0,2,15,19,9
0,2,16,20,9
0,2,17,21,9
0,2,18,22,9
0,2,19,23,9
0,2,20,24,9
0,2,21,25,9
0,2,22,26,9
0,2,23,27,9
0,2,24,28,9
0,2,25,29,9
0,2,26,30,9
0,2,27,31,9
0,2,28,32,9
0,2,29,33,9
0,2,30,34,9
0,2,31,35,9
0,2,32,36,9
0,2,33,37,9
0,2,34,38,9
0,2,35,39,9
0,2,36,40,9
0,2,37,41,9
0,2,38,42,9
0,2,39,43,9
0,2,40,44,9
0,2,41,45,9
0,2,42,46,9
0,2,43,47,9
0,2,44,49,9
0,2,45,50,9
0,2,46,51,9
0,2,47,52,9
0,2,48,53,9
0,2,49,54,9
0,2,50,55,9
0,2,51,56,9
0,2,52,57,9
0,2,53,58,9
0,2,54,60,9
0,2,55,61,9
0,2,56,62,9
0,2,57,63,9
0,2,58,64,9
0,2,59,65,9
0,2,60,66,9
0,2,61,67,9
0,2,62,68,9
0,2,63,69,9
0,2,64,70,9
0,2,65,71,9
0,2,66,72,9
0,2,67,73,9
0,2,68,74,9
0,2,69,75,9
0,2,70,76,9
0,2,71,77,9
0,2,72,78,9
0,2,73,79,9
0,2,74,81,9
0,2,75,82,9
0,2,76,83,9
0,2,77,84,9
0,2,78,85,9
0,2,79,86,9
0,2,80,87,9
0,2,81,88,9
0,2,82,89,9
0,2,83,90,9
0,2,84,92,9
0,2,85,93,9
0,2,86,94,9
0,2,87,95,9
0,2,88,96,9
0,2,89,97,9
0,2,90,98,9
0,2,91,99,9
0,2,92,100,9
0,2,93,101,9
0,2,94,102,9
0,2,95,103,9
0,2,96,104,9
0,2,97,105,9
0,2,98,106,9
0,2,99,107,9
0,2,100,108,9
0,2,101,109,9
0,2,102,110,9
0,2,103,111,9
0,2,104,113,9
0,2,105,114,9
0,2,106,115,9
0,2,107,116,9
0,2,108,117,9
0,2,109,118,9
0,2,110,119,9
0,2,111,120,9
0,2,112,121,9
0,2,113,122,9
0,2,114,124,9
0,2,115,125,9
0,2,116,126,9
0,2,117,127,9
0,2,118,128,9
0,2,119,129,9
0,2,120,130,9
0,2,121,131,9
0,2,122,132,9
0,2,123,133,9
0,2,124,134,9
0,2,125,135,9
0,2,126,136,9
0,2,127,137,9
0,2,128,138,9
0,2,129,139,9
0,2,130,140,9
0,2,131,141,9
0,2,132,142,9
0,2,133,143,9
0,2,134,144,9