-99,CellType,OrigCell,NewCell,PageNum
0,2,1,3,16
0,2,2,6,16
0,2,3,7,16
0,2,4,8,16
0,2,5,9,16
0,2,6,10,16
0,2,7,11,16
0,2,8,12,16
0,2,9,13,16
0,2,10,14,16
0,2,11,15,16
0,2,12,16,16
0,2,13,17,16
0,2,14,18,16
0,2,15,19,16
0,2,16,20,16
0,2,17,21,16
0,2,18,22,16
0,2,19,23,16
0,2,20,24,16
0,2,21,25,16
0,2,22,26,16
0,2,23,27,16
0,2,24,28,16
0,2,25,29,16
0,2,26,30,16
0,2,27,31,16
0,2,28,33,16
0,2,29,34,16
0,2,30,35,16
0,2,31,36,16
0,2,32,37,16
0,2,33,38,16
0,2,34,39,16
0,2,35,40,16
0,2,36,41,16
0,2,37,42,16
0,2,38,43,16
0,2,39,44,16
0,2,40,45,16
0,2,41,46,16
0,2,42,47,16
0,2,43,48,16
0,2,44,49,16
0,2,45,50,16
0,2,46,52,16
0,2,47,53,16
0,2,48,54,16
0,2,49,55,16
0,2,50,56,16
0,2,51,57,16
0,2,52,58,16
0,2,53,59,16
0,2,54,60,16
0,2,55,61,16
0,2,56,62,16
0,2,57,63,16
0,2,58,64,16
0,2,59,65,16
0,2,60,66,16
0,2,61,67,16
0,2,62,68,16
0,2,63,69,16
0,2,64,71,16
0,2,65,72,16
0,2,66,73,16
0,2,67,74,16
0,2,68,75,16
0,2,69,76,16
0,2,70,77,16
0,2,71,78,16
0,2,72,79,16
0,2,73,80,16
0,2,74,81,16
0,2,75,82,16
0,2,76,83,16
0,2,77,84,16
0,2,78,85,16
0,2,79,86,16
0,2,80,87,16
0,2,81,88,16
0,2,82,89,16
0,2,83,90,16
0,2,84,91,16
0,2,85,92,16
0,2,86,93,16
0,2,87,94,16
0,2,88,95,16
0,2,89,96,16
0,2,90,97,16
0,2,91,98,16
0,2,92,99,16
0,2,93,100,16
0,2,94,101,16
0,2,95,102,16
0,2,96,103,16
0,2,97,104,16
0,2,98,105,16
0,2,99,106,16
0,2,100,107,16
0,2,101,108,16
0,2,102,109,16
0,2,103,110,16
0,2,104,111,16
0,2,105,112,16
0,2,106,114,16
0,2,107,115,16
0,2,108,116,16
0,2,109,117,16
0,2,110,118,16
0,2,111,119,16
0,2,112,120,16
0,2,113,121,16
0,2,114,122,16
0,2,115,123,16
0,2,116,124,16
0,2,117,125,16
0,2,118,126,16
0,2,119,127,16
0,2,120,128,16
0,2,121,129,16
0,2,122,130,16
0,2,123,131,16
0,2,124,132,16
0,2,125,133,16
0,2,126,135,16
0,2,127,136,16
0,2,128,137,16
0,2,129,138,16
0,2,130,139,16
0,2,131,140,16
0,2,132,141,16
0,2,133,142,16
0,2,134,143,16
0,2,135,144,16
0,2,136,145,16
0,2,137,146,16
0,2,138,147,16
0,2,139,148,16
0,2,140,149,16
0,2,141,150,16
0,2,142,151,16
0,2,143,152,16
0,2,144,153,16
0,2,145,154,16
0,2,146,156,16
0,2,147,157,16
0,2,148,158,16
0,2,149,159,16
0,2,150,160,16
0,2,151,161,16
0,2,152,162,16
0,2,153,163,16
0,2,154,164,16
0,2,155,165,16
0,2,156,166,16
0,2,157,167,16
0,2,158,168,16
0,2,159,169,16
0,2,160,170,16
0,2,161,171,16
0,2,162,172,16
0,2,163,173,16
0,2,164,174,16
0,2,165,175,16
0,2,166,176,16
0,2,167,1,16
