-99,CellType,OrigCell,NewCell,PageNum
0,2,1,3,17
0,2,2,6,17
0,2,3,7,17
0,2,4,8,17
0,2,5,9,17
0,2,6,10,17
0,2,7,11,17
0,2,8,12,17
0,2,9,13,17
0,2,10,14,17
0,2,11,15,17
0,2,12,16,17
0,2,13,17,17
0,2,14,18,17
0,2,15,19,17
0,2,16,20,17
0,2,17,21,17
0,2,18,22,17
0,2,19,23,17
0,2,20,24,17
0,2,21,25,17
0,2,22,26,17
0,2,23,27,17
0,2,24,28,17
0,2,25,29,17
0,2,26,30,17
0,2,27,31,17
0,2,28,32,17
0,2,29,33,17
0,2,30,34,17
0,2,31,35,17
0,2,32,36,17
0,2,33,38,17
0,2,34,39,17
0,2,35,40,17
0,2,36,41,17
0,2,37,42,17
0,2,38,43,17
0,2,39,44,17
0,2,40,45,17
0,2,41,46,17
0,2,42,47,17
0,2,43,48,17
0,2,44,49,17
0,2,45,50,17
0,2,46,51,17
0,2,47,52,17
0,2,48,53,17
0,2,49,54,17
0,2,50,55,17
0,2,51,57,17
0,2,52,58,17
0,2,53,59,17
0,2,54,60,17
0,2,55,61,17
0,2,56,62,17
0,2,57,63,17
0,2,58,64,17
0,2,59,65,17
0,2,60,66,17
0,2,61,67,17
0,2,62,68,17
0,2,63,69,17
0,2,64,70,17
0,2,65,71,17
0,2,66,72,17
0,2,67,73,17
0,2,68,74,17
0,2,69,76,17
0,2,70,77,17
0,2,71,78,17
0,2,72,79,17
0,2,73,80,17
0,2,74,81,17
0,2,75,82,17
0,2,76,83,17
0,2,77,84,17
0,2,78,85,17
0,2,79,86,17
0,2,80,87,17
0,2,81,88,17
0,2,82,89,17
0,2,83,90,17
0,2,84,91,17
0,2,85,92,17
0,2,86,93,17
0,2,87,94,17
0,2,88,95,17
0,2,89,96,17
0,2,90,97,17
0,2,91,98,17
0,2,92,99,17
0,2,93,100,17
0,2,94,101,17
0,2,95,102,17
0,2,96,103,17
0,2,97,104,17
0,2,98,105,17
0,2,99,106,17
0,2,100,107,17
0,2,101,108,17
0,2,102,109,17
0,2,103,110,17
0,2,104,111,17
0,2,105,112,17
0,2,106,113,17
0,2,107,114,17
0,2,108,115,17
0,2,109,116,17
0,2,110,117,17
0,2,111,118,17
0,2,112,119,17
0,2,113,120,17
0,2,114,121,17
0,2,115,122,17
0,2,116,123,17
0,2,117,124,17
0,2,118,125,17
0,2,119,126,17
0,2,120,127,17
0,2,121,128,17
0,2,122,129,17
0,2,123,130,17
0,2,124,131,17
0,2,125,132,17
0,2,126,134,17
0,2,127,135,17
0,2,128,136,17
0,2,129,137,17
0,2,130,138,17
0,2,131,139,17
0,2,132,140,17
0,2,133,141,17
0,2,134,142,17
0,2,135,143,17
0,2,136,144,17
0,2,137,145,17
0,2,138,147,17
0,2,139,148,17
0,2,140,149,17
0,2,141,150,17
0,2,142,151,17
0,2,143,152,17
0,2,144,153,17
0,2,145,154,17
0,2,146,155,17
0,2,147,156,17
0,2,148,157,17
0,2,149,159,17
0,2,150,160,17
0,2,151,161,17
0,2,152,162,17
0,2,153,163,17
0,2,154,164,17
0,2,155,165,17
0,2,156,166,17
0,2,157,167,17
0,2,158,168,17
0,2,159,169,17
0,2,160,170,17
0,2,161,171,17
0,2,162,172,17
0,2,163,173,17
0,2,164,174,17
0,2,165,175,17
0,2,166,176,17
0,2,167,177,17
0,2,168,178,17
0,2,169,179,17
0,2,170,180,17
0,2,171,181,17
0,2,172,182,17
0,2,173,183,17
0,2,174,184,17
0,2,175,185,17
0,2,176,186,17
0,2,177,187,17
0,2,178,188,17
0,2,179,189,17
0,2,180,190,17
0,2,181,191,17
0,2,182,1,17
