-99,CellType,OrigCell,NewCell,PageNum
0,2,1,3,10
0,2,2,6,10
0,2,3,7,10
0,2,4,8,10
0,2,5,9,10
0,2,6,10,10
0,2,7,11,10
0,2,8,12,10
0,2,9,13,10
0,2,10,14,10
0,2,11,15,10
0,2,12,16,10
0,2,13,17,10
0,2,14,18,10
0,2,15,19,10
0,2,16,20,10
0,2,17,21,10
0,2,18,22,10
0,2,19,23,10
0,2,20,24,10
0,2,21,25,10
0,2,22,26,10
0,2,23,27,10
0,2,24,29,10
0,2,25,30,10
0,2,26,31,10
0,2,27,32,10
0,2,28,33,10
0,2,29,34,10
0,2,30,35,10
0,2,31,36,10
0,2,32,37,10
0,2,33,38,10
0,2,34,39,10
0,2,35,40,10
0,2,36,41,10
0,2,37,42,10
0,2,38,43,10
0,2,39,44,10
0,2,40,45,10
0,2,41,46,10
0,2,42,47,10
0,2,43,48,10
0,2,44,49,10
0,2,45,50,10
0,2,46,52,10
0,2,47,53,10
0,2,48,54,10
0,2,49,55,10
0,2,50,56,10
0,2,51,57,10
0,2,52,58,10
0,2,53,59,10
0,2,54,60,10
0,2,55,61,10
0,2,56,62,10
0,2,57,63,10
0,2,58,64,10
0,2,59,65,10
0,2,60,66,10
0,2,61,67,10
0,2,62,68,10
0,2,63,69,10
0,2,64,70,10
0,2,65,71,10
0,2,66,72,10
0,2,67,73,10
0,2,68,75,10
0,2,69,76,10
0,2,70,77,10
0,2,71,78,10
0,2,72,79,10
0,2,73,80,10
0,2,74,81,10
0,2,75,82,10
0,2,76,83,10
0,2,77,84,10
0,2,78,85,10
0,2,79,86,10
0,2,80,87,10
0,2,81,88,10
0,2,82,89,10
0,2,83,90,10
0,2,84,91,10
0,2,85,92,10
0,2,86,93,10
0,2,87,94,10
0,2,88,95,10
0,2,89,96,10
0,2,90,97,10
0,2,91,98,10
0,2,92,100,10
0,2,93,101,10
0,2,94,102,10
0,2,95,103,10
0,2,96,104,10
0,2,97,105,10
0,2,98,106,10
0,2,99,107,10
0,2,100,108,10
0,2,101,109,10
0,2,102,110,10
0,2,103,111,10
0,2,104,112,10
0,2,105,113,10
0,2,106,114,10
0,2,107,115,10
0,2,108,116,10
0,2,109,118,10
0,2,110,119,10
0,2,111,120,10
0,2,112,121,10
0,2,113,122,10
0,2,114,123,10
0,2,115,124,10
0,2,116,125,10
0,2,117,126,10
0,2,118,127,10
0,2,119,128,10
0,2,120,129,10
0,2,121,130,10
0,2,122,131,10
0,2,123,133,10
0,2,124,134,10
0,2,125,135,10
0,2,126,136,10
0,2,127,137,10
0,2,128,138,10
0,2,129,139,10
0,2,130,140,10
0,2,131,141,10
0,2,132,142,10
0,2,133,143,10
0,2,134,144,10
0,2,135,145,10
0,2,136,146,10
0,2,137,147,10
0,2,138,149,10
0,2,139,150,10
0,2,140,151,10
0,2,141,152,10
0,2,142,153,10
0,2,143,154,10
0,2,144,155,10
0,2,145,156,10
0,2,146,157,10
0,2,147,158,10
0,2,148,160,10
0,2,149,161,10
0,2,150,162,10
0,2,151,163,10
0,2,152,164,10
0,2,153,165,10
0,2,154,166,10
0,2,155,167,10
0,2,156,168,10
0,2,157,169,10
0,2,158,171,10
0,2,159,172,10
0,2,160,173,10
0,2,161,174,10
0,2,162,175,10
0,2,163,176,10
0,2,164,177,10
0,2,165,178,10
0,2,166,179,10
0,2,167,180,10