-99,CellType,OrigCell,NewCell,PageNum
0,2,1,3,15
0,2,2,6,15
0,2,3,7,15
0,2,4,8,15
0,2,5,9,15
0,2,6,10,15
0,2,7,11,15
0,2,8,12,15
0,2,9,13,15
0,2,10,14,15
0,2,11,15,15
0,2,12,16,15
0,2,13,17,15
0,2,14,18,15
0,2,15,19,15
0,2,16,20,15
0,2,17,21,15
0,2,18,22,15
0,2,19,23,15
0,2,20,24,15
0,2,21,25,15
0,2,22,26,15
0,2,23,27,15
0,2,24,28,15
0,2,25,29,15
0,2,26,30,15
0,2,27,31,15
0,2,28,33,15
0,2,29,34,15
0,2,30,35,15
0,2,31,36,15
0,2,32,37,15
0,2,33,38,15
0,2,34,39,15
0,2,35,40,15
0,2,36,41,15
0,2,37,42,15
0,2,38,43,15
0,2,39,44,15
0,2,40,45,15
0,2,41,46,15
0,2,42,47,15
0,2,43,48,15
0,2,44,49,15
0,2,45,50,15
0,2,46,52,15
0,2,47,53,15
0,2,48,54,15
0,2,49,55,15
0,2,50,56,15
0,2,51,57,15
0,2,52,58,15
0,2,53,59,15
0,2,54,60,15
0,2,55,61,15
0,2,56,62,15
0,2,57,63,15
0,2,58,64,15
0,2,59,65,15
0,2,60,66,15
0,2,61,67,15
0,2,62,68,15
0,2,63,69,15
0,2,64,71,15
0,2,65,72,15
0,2,66,73,15
0,2,67,74,15
0,2,68,75,15
0,2,69,76,15
0,2,70,77,15
0,2,71,78,15
0,2,72,79,15
0,2,73,80,15
0,2,74,81,15
0,2,75,82,15
0,2,76,83,15
0,2,77,84,15
0,2,78,85,15
0,2,79,86,15
0,2,80,87,15
0,2,81,88,15
0,2,82,89,15
0,2,83,90,15
0,2,84,91,15
0,2,85,92,15
0,2,86,93,15
0,2,87,94,15
0,2,88,95,15
0,2,89,96,15
0,2,90,97,15
0,2,91,98,15
0,2,92,99,15
0,2,93,100,15
0,2,94,101,15
0,2,95,102,15
0,2,96,103,15
0,2,97,104,15
0,2,98,105,15
0,2,99,106,15
0,2,100,107,15
0,2,101,108,15
0,2,102,109,15
0,2,103,110,15
0,2,104,111,15
0,2,105,112,15
0,2,106,113,15
0,2,107,114,15
0,2,108,115,15
0,2,109,116,15
0,2,110,117,15
0,2,111,118,15
0,2,112,119,15
0,2,113,120,15
0,2,114,121,15
0,2,115,122,15
0,2,116,123,15
0,2,117,124,15
0,2,118,125,15
0,2,119,126,15
0,2,120,127,15
0,2,121,128,15
0,2,122,129,15
0,2,123,130,15
0,2,124,131,15
0,2,125,132,15
0,2,126,133,15
0,2,127,134,15
0,2,128,135,15
0,2,129,136,15
0,2,130,137,15
0,2,131,138,15
0,2,132,139,15
0,2,133,140,15
0,2,134,141,15
0,2,135,1,15
