-99,CellType,OrigCell,NewCell,PageNum
0,2,1,3,1
0,2,2,6,1
0,2,3,7,1
0,2,4,8,1
0,2,5,9,1
0,2,6,10,1
0,2,7,11,1
0,2,8,12,1
0,2,9,13,1
0,2,10,14,1
0,2,11,15,1
0,2,12,16,1
0,2,13,17,1
0,2,14,18,1
0,2,15,19,1
0,2,16,20,1
0,2,17,21,1
0,2,18,22,1
0,2,19,23,1
0,2,20,24,1
0,2,21,25,1
0,2,22,26,1
0,2,23,27,1
0,2,24,28,1
0,2,25,29,1
0,2,26,30,1
0,2,27,31,1
0,2,28,32,1
0,2,29,33,1
0,2,30,34,1
0,2,31,35,1
0,2,32,36,1
0,2,33,37,1
0,2,34,38,1
0,2,35,39,1
0,2,36,40,1
0,2,37,41,1
0,2,38,42,1
0,2,39,43,1
0,2,40,44,1
0,2,41,45,1
0,2,42,46,1
0,2,43,47,1
0,2,44,48,1
0,2,45,49,1
0,2,46,50,1
0,2,47,51,1
0,2,48,52,1
0,2,49,53,1
0,2,50,54,1
0,2,51,55,1
0,2,52,56,1
0,2,53,57,1
0,2,54,58,1
0,2,55,59,1
0,2,56,60,1
0,2,57,62,1
0,2,58,63,1
0,2,59,64,1
0,2,60,65,1
0,2,61,66,1
0,2,62,67,1
0,2,63,68,1
0,2,64,69,1
0,2,65,70,1
0,2,66,71,1
0,2,67,72,1
0,2,68,73,1
0,2,69,74,1
0,2,70,75,1
0,2,71,76,1
0,2,72,77,1
0,2,73,78,1
0,2,74,79,1
0,2,75,80,1
0,2,76,81,1
0,2,77,82,1
0,2,78,83,1
0,2,79,84,1
0,2,80,85,1
0,2,81,86,1
0,2,82,87,1
0,2,83,88,1
0,2,84,89,1
0,2,85,90,1
0,2,86,91,1
0,2,87,92,1
0,2,88,93,1
0,2,89,94,1
0,2,90,95,1
0,2,91,96,1
0,2,92,97,1
0,2,93,98,1
0,2,94,99,1
0,2,95,100,1
0,2,96,101,1
0,2,97,102,1
0,2,98,103,1
0,2,99,104,1
0,2,100,105,1
0,2,101,106,1
0,2,102,107,1
0,2,103,108,1
0,2,104,109,1
0,2,105,110,1
0,2,106,111,1
0,2,107,112,1
0,2,108,113,1
0,2,109,114,1
0,2,110,115,1
0,2,111,116,1
0,2,112,117,1
0,2,113,118,1
0,2,114,119,1
0,2,115,120,1
0,2,116,121,1
0,2,117,122,1
0,2,118,123,1
0,2,119,124,1
0,2,120,125,1
0,2,121,126,1
0,2,122,127,1
0,2,123,128,1
0,2,124,129,1
0,2,125,130,1
0,2,126,131,1
0,2,127,132,1
0,2,128,133,1
0,2,129,134,1
0,2,130,135,1
0,2,131,136,1
0,2,132,137,1
0,2,133,138,1
0,2,134,139,1
0,2,135,140,1
0,2,136,141,1
0,2,137,142,1
0,2,138,144,1
0,2,139,145,1
0,2,140,146,1
0,2,141,147,1
0,2,142,148,1
0,2,143,149,1
0,2,144,150,1
0,2,145,151,1
0,2,146,152,1
0,2,147,153,1
0,2,148,154,1
0,2,149,155,1
0,2,150,156,1
0,2,151,157,1
0,2,152,158,1
0,2,153,159,1
0,2,154,160,1
0,2,155,161,1
0,2,156,162,1
0,2,157,163,1
0,2,158,164,1
0,2,159,165,1
0,2,160,166,1
0,2,161,167,1
0,2,162,168,1
0,2,163,169,1
0,2,164,170,1
0,2,165,171,1
0,2,166,172,1
0,2,167,173,1
0,2,168,174,1
0,2,169,175,1
0,2,170,176,1
0,2,171,177,1
0,2,172,178,1
0,2,173,179,1
0,2,174,180,1
0,2,175,181,1
0,2,176,182,1
0,2,177,183,1
0,2,178,184,1
0,2,179,185,1
0,2,180,186,1
0,2,181,187,1
0,2,182,188,1
0,2,183,189,1
0,2,184,190,1
0,2,185,191,1
0,2,186,192,1
0,2,187,193,1
0,2,188,194,1
0,2,189,195,1
0,2,190,196,1
0,2,191,197,1
0,2,192,198,1
0,2,193,199,1
0,2,194,200,1
0,2,195,201,1
0,2,196,202,1
0,2,197,203,1
0,2,198,204,1
0,2,199,205,1
0,2,200,206,1
0,2,201,207,1
0,2,202,208,1
0,2,203,209,1
0,2,204,210,1
0,2,205,211,1
0,2,206,212,1
0,2,207,213,1
0,2,208,214,1
0,2,209,215,1
0,2,210,216,1
0,2,211,217,1
0,2,212,218,1
0,2,213,219,1
0,2,214,220,1
0,2,215,221,1
0,2,216,222,1
0,2,217,223,1
0,2,218,224,1
0,2,219,226,1
0,2,220,227,1
0,2,221,228,1
0,2,222,229,1
0,2,223,230,1
0,2,224,231,1
0,2,225,232,1
0,2,226,233,1
0,2,227,234,1
0,2,228,235,1
0,2,229,236,1
0,2,230,237,1
0,2,231,238,1
0,2,232,239,1
0,2,233,240,1
0,2,234,241,1
0,2,235,242,1
0,2,236,243,1
0,2,237,244,1
0,2,238,245,1
0,2,239,246,1
0,2,240,247,1
0,2,241,248,1
0,2,242,249,1
0,2,243,250,1
0,2,244,251,1
0,2,245,252,1
0,2,246,253,1
0,2,247,254,1
0,2,248,255,1
0,2,249,256,1
0,2,250,257,1
0,2,251,258,1
0,2,252,259,1
0,2,253,260,1
0,2,254,261,1
0,2,255,262,1
0,2,256,263,1
0,2,257,264,1
0,2,258,265,1
0,2,259,266,1
0,2,260,267,1
0,2,261,268,1
0,2,262,269,1
0,2,263,270,1
0,2,264,271,1
0,2,265,272,1
0,2,266,273,1
0,2,267,274,1
0,2,268,275,1
0,2,269,276,1
0,2,270,277,1
0,2,271,278,1
0,2,272,279,1
0,2,273,280,1
0,2,274,281,1
0,2,275,282,1
0,2,276,283,1
0,2,277,284,1
0,2,278,285,1
0,2,279,286,1
0,2,280,287,1
0,2,281,288,1
0,2,282,289,1
0,2,283,290,1
0,2,284,291,1
0,2,285,292,1
0,2,286,293,1
0,2,287,294,1
0,2,288,295,1
0,2,289,296,1
0,2,290,297,1
0,2,291,298,1
0,2,292,299,1
0,2,293,300,1
0,2,294,301,1
0,2,295,302,1
0,2,296,303,1
0,2,297,304,1
0,2,298,305,1
0,2,299,306,1
0,2,300,307,1
0,2,301,308,1
0,2,302,309,1
0,2,303,311,1
0,2,304,312,1
0,2,305,313,1
0,2,306,315,1
0,2,307,316,1
0,2,308,317,1
0,2,309,319,1
0,2,310,320,1
0,2,311,321,1
0,2,312,322,1