-99,CellType,OrigCell,NewCell,PageNum
0,2,1,2,3
0,2,2,5,3
0,2,3,6,3
0,2,4,7,3
0,2,5,8,3
0,2,6,9,3
0,2,7,10,3
0,2,8,11,3
0,2,9,12,3
0,2,10,13,3
0,2,11,14,3
0,2,12,15,3
0,2,13,16,3
0,2,14,17,3
0,2,15,18,3
0,2,16,19,3
0,2,17,20,3
0,2,18,21,3
0,2,19,22,3
0,2,20,23,3
0,2,21,24,3
0,2,22,25,3
0,2,23,26,3
0,2,24,27,3
0,2,25,28,3
0,2,26,29,3
0,2,27,30,3
0,2,28,31,3
0,2,29,32,3
0,2,30,33,3
0,2,31,34,3
0,2,32,35,3
0,2,33,36,3
0,2,34,37,3
0,2,35,38,3
0,2,36,39,3
0,2,37,40,3
0,2,38,41,3
0,2,39,42,3
0,2,40,43,3
0,2,41,44,3
0,2,42,45,3
0,2,43,46,3
0,2,44,47,3
0,2,45,48,3
0,2,46,49,3
0,2,47,50,3
0,2,48,51,3
0,2,49,52,3
0,2,50,53,3
0,2,51,54,3
0,2,52,55,3
0,2,53,56,3
0,2,54,57,3
0,2,55,58,3
0,2,56,59,3
0,2,57,60,3
0,2,58,61,3
0,2,59,62,3
0,2,60,63,3
0,2,61,64,3
0,2,62,65,3
0,2,63,66,3
0,2,64,67,3
0,2,65,68,3
0,2,66,69,3
0,2,67,70,3
0,2,68,71,3
0,2,69,72,3
0,2,70,73,3
0,2,71,74,3
0,2,72,75,3
0,2,73,76,3
0,2,74,77,3
0,2,75,78,3
0,2,76,79,3
0,2,77,80,3
0,2,78,81,3
0,2,79,82,3
0,2,80,83,3
0,2,81,84,3
0,2,82,85,3
0,2,83,86,3
0,2,84,87,3
0,2,85,88,3
0,2,86,89,3
0,2,87,90,3
0,2,88,91,3
0,2,89,92,3
0,2,90,93,3
0,2,91,94,3
0,2,92,95,3
0,2,93,96,3
0,2,94,97,3
0,2,95,98,3
0,2,96,99,3
0,2,97,100,3
0,2,98,101,3
0,2,99,102,3
0,2,100,103,3
0,2,101,104,3
0,2,102,105,3
0,2,103,106,3
0,2,104,107,3
0,2,105,108,3
0,2,106,109,3
0,2,107,110,3
0,2,108,111,3
0,2,109,112,3
0,2,110,113,3
0,2,111,114,3
0,2,112,115,3
0,2,113,116,3
0,2,114,117,3
0,2,115,118,3
0,2,116,119,3
0,2,117,120,3
0,2,118,121,3
0,2,119,122,3
0,2,120,123,3
0,2,121,124,3
0,2,122,125,3
0,2,123,126,3
0,2,124,127,3
0,2,125,128,3
0,2,126,129,3
0,2,127,130,3
0,2,128,131,3
0,2,129,132,3
0,2,130,133,3
0,2,131,134,3
0,2,132,135,3
0,2,133,136,3
0,2,134,137,3
0,2,135,138,3
0,2,136,139,3
0,2,137,140,3
0,2,138,141,3
0,2,139,142,3
0,2,140,143,3
0,2,141,144,3
0,2,142,145,3
0,2,143,146,3
0,2,144,147,3
0,2,145,148,3
0,2,146,149,3
0,2,147,150,3
0,2,148,151,3
0,2,149,152,3
0,2,150,153,3
0,2,151,154,3
0,2,152,155,3
0,2,153,156,3
0,2,154,157,3
0,2,155,158,3
0,2,156,159,3
0,2,157,160,3
0,2,158,161,3
0,2,159,162,3
0,2,160,163,3
0,2,161,164,3
0,2,162,165,3
0,2,163,166,3
0,2,164,167,3
0,2,165,168,3
0,2,166,169,3
0,2,167,170,3
0,2,168,171,3
0,2,169,172,3
0,2,170,173,3
0,2,171,174,3
0,2,172,175,3
0,2,173,176,3
0,2,174,177,3
0,2,175,178,3
0,2,176,179,3
0,2,177,180,3
0,2,178,181,3
0,2,179,182,3
0,2,180,183,3
0,2,181,184,3
0,2,182,185,3
0,2,183,186,3
0,2,184,187,3
0,2,185,188,3
0,2,186,189,3
0,2,187,190,3
0,2,188,191,3
0,2,189,192,3
0,2,190,193,3
0,2,191,194,3
0,2,192,195,3
0,2,193,196,3
0,2,194,197,3
0,2,195,198,3
0,2,196,199,3
0,2,197,200,3
0,2,198,201,3
0,2,199,202,3
0,2,200,203,3
0,2,201,204,3
0,2,202,205,3
0,2,203,206,3
0,2,204,207,3
0,2,205,208,3
0,2,206,209,3
0,2,207,210,3
0,2,208,211,3
0,2,209,212,3
0,2,210,213,3
0,2,211,214,3
0,2,212,215,3
0,2,213,216,3
0,2,214,217,3
0,2,215,218,3
0,2,216,219,3
0,2,217,220,3
0,2,218,221,3
0,2,219,222,3
0,2,220,223,3
0,2,221,224,3
0,2,222,225,3
0,2,223,226,3
0,2,224,227,3
0,2,225,228,3
0,2,226,229,3
0,2,227,230,3
0,2,228,231,3
0,2,229,232,3
0,2,230,233,3
0,2,231,234,3
0,2,232,235,3
0,2,233,236,3
0,2,234,237,3
0,2,235,238,3
0,2,236,239,3
0,2,237,240,3
0,2,238,241,3
0,2,239,242,3
0,2,240,243,3
0,2,241,244,3
0,2,242,245,3
0,2,243,246,3
0,2,244,247,3
0,2,245,248,3
0,2,246,249,3
0,2,247,250,3
0,2,248,251,3
0,2,249,252,3
0,2,250,253,3
0,2,251,254,3
0,2,252,255,3
0,2,253,256,3
0,2,254,257,3
0,2,255,258,3
0,2,256,259,3