-99,CellType,OrigCell,NewCell,PageNum,ERC Residential Page 5
0,2,1,1,5
0,2,2,2,5
0,2,3,3,5
0,2,4,4,5
0,2,5,5,5
0,2,6,6,5
0,2,7,7,5
0,2,8,8,5
0,2,9,9,5
0,2,10,10,5
0,2,11,11,5
0,2,12,12,5
0,2,13,13,5
0,2,14,14,5
0,2,15,15,5
0,2,16,16,5
0,2,17,17,5
0,2,18,18,5
0,2,19,19,5
0,2,20,20,5
0,2,21,21,5
0,2,22,22,5
0,2,23,23,5
0,2,24,24,5
0,2,25,25,5
0,2,26,26,5
0,2,27,27,5
0,2,28,28,5
0,2,29,29,5
0,2,30,30,5
0,2,31,31,5
0,2,32,32,5
0,2,33,33,5
0,2,34,34,5
0,2,35,35,5
0,2,36,36,5
0,2,37,37,5
0,2,38,38,5
0,2,39,39,5
0,2,40,40,5
0,2,41,41,5
0,2,42,42,5
0,2,43,43,5
0,2,44,44,5
0,2,45,45,5
0,2,46,46,5
0,2,47,47,5
0,2,48,48,5
0,2,49,49,5
0,2,50,50,5
0,2,51,51,5
0,2,52,52,5
0,2,53,53,5
0,2,54,54,5
0,2,55,55,5
0,2,56,56,5
0,2,57,57,5
0,2,58,58,5
0,2,59,59,5
0,2,60,60,5
0,2,61,61,5
0,2,62,62,5
0,2,63,63,5
0,2,64,64,5
0,2,65,65,5
0,2,66,66,5
0,2,67,67,5
0,2,68,68,5
0,2,69,69,5
0,2,70,70,5
0,2,71,71,5
0,2,72,72,5
0,2,73,73,5
0,2,74,74,5
0,2,75,75,5
0,2,76,76,5
0,2,77,77,5
0,2,78,78,5
0,2,79,79,5
0,2,80,80,5
0,2,81,81,5
0,2,82,82,5
0,2,83,83,5
0,2,84,84,5
0,2,85,85,5
0,2,86,86,5
0,2,87,87,5
0,2,88,88,5
0,2,89,89,5
0,2,90,90,5
0,2,91,91,5
0,2,92,92,5
0,2,93,93,5
0,2,94,94,5
0,2,95,95,5
0,2,96,96,5
0,2,97,97,5
0,2,98,98,5
0,2,99,99,5
0,2,100,100,5
0,2,101,101,5
0,2,102,102,5
0,2,103,103,5
0,2,104,104,5
0,2,105,105,5
0,2,106,106,5
0,2,107,107,5
0,2,108,108,5
0,2,109,109,5
0,2,110,110,5
0,2,111,111,5
0,2,112,112,5
0,2,113,113,5
0,2,114,114,5
0,2,115,115,5
0,2,116,116,5
0,2,117,117,5
0,2,118,118,5
0,2,119,119,5
0,2,120,120,5
0,2,121,121,5
0,2,122,122,5
0,2,123,123,5
0,2,124,124,5
0,2,125,125,5
0,2,126,126,5
0,2,127,127,5
0,2,128,128,5
0,2,129,129,5
0,2,130,130,5
0,2,131,131,5
0,2,132,132,5
0,2,133,133,5
0,2,134,134,5
0,2,135,135,5
0,2,136,136,5
0,2,137,137,5
0,2,138,138,5
0,2,139,139,5
0,2,140,140,5
0,2,141,141,5
0,2,142,142,5
0,2,143,143,5
0,2,144,144,5
0,2,145,145,5
0,2,146,146,5
0,2,147,147,5
0,2,148,148,5
0,2,149,149,5
0,2,150,150,5
0,2,151,151,5
0,2,152,152,5
0,2,153,153,5
0,2,154,154,5
0,2,155,155,5
0,2,156,156,5
0,2,157,157,5
0,2,158,158,5
0,2,159,159,5
0,2,160,160,5
0,2,161,161,5
0,2,162,162,5
0,2,163,163,5
0,2,164,164,5
0,2,165,165,5
0,2,166,166,5
0,2,167,167,5
0,2,168,168,5
0,2,169,169,5
0,2,170,170,5
0,2,171,171,5
0,2,172,172,5
0,2,173,173,5
0,2,174,174,5
0,2,175,175,5
0,2,176,176,5
0,2,177,177,5
0,2,178,178,5
0,2,179,179,5
0,2,180,180,5
0,2,181,181,5
0,2,182,182,5
0,2,183,183,5
0,2,184,184,5
0,2,185,185,5
0,2,186,186,5
0,2,187,187,5
0,2,188,188,5
0,2,189,189,5
0,2,190,190,5
0,2,191,191,5
0,2,192,192,5
0,2,193,193,5
0,2,194,194,5
0,2,195,195,5
0,2,196,196,5
0,2,197,197,5
0,2,198,198,5
0,2,199,199,5
0,2,200,200,5
0,2,201,201,5
0,2,202,202,5
0,2,203,203,5
0,2,204,204,5
0,2,205,205,5
0,2,206,206,5
0,2,207,207,5
0,2,208,208,5
0,2,209,209,5
0,2,210,210,5
0,2,211,211,5
0,2,212,212,5
0,2,213,213,5
0,2,214,214,5
0,2,215,215,5
0,2,216,216,5
0,2,217,217,5
0,2,218,218,5
0,2,219,219,5
0,2,220,220,5
0,2,221,221,5
0,2,222,222,5
0,2,223,223,5
0,2,224,224,5
0,2,225,225,5
0,2,226,226,5
0,2,227,227,5
0,2,228,228,5
0,2,229,229,5
0,2,230,230,5
0,2,231,231,5
0,2,232,232,5
0,2,233,233,5
0,2,234,234,5
0,2,235,235,5
0,2,236,236,5
0,2,237,237,5
0,2,238,238,5
0,2,239,239,5
0,2,240,240,5
0,2,241,241,5
0,2,242,242,5
0,2,243,243,5
0,2,244,244,5
0,2,245,245,5
0,2,246,246,5
0,2,247,247,5
0,2,248,248,5
0,2,249,249,5
0,2,250,250,5
0,2,251,251,5
0,2,252,252,5