-99,CellType,OrigCell,NewCell,PageNum,ERC Residential XCompetings
0,2,1,3,1
0,2,2,6,1
0,2,3,7,1
0,2,4,8,1
0,2,5,9,1
0,2,6,10,1
0,2,7,11,1
0,2,8,12,1
0,2,9,13,1
0,2,10,14,1
0,2,11,15,1
0,2,12,16,1
0,2,13,17,1
0,2,14,18,1
0,2,15,19,1
0,2,16,20,1
0,2,17,21,1
0,2,18,22,1
0,2,19,23,1
0,2,20,24,1
0,2,21,25,1
0,2,22,26,1
0,2,23,27,1
0,2,24,28,1
0,2,25,29,1
0,2,26,30,1
0,2,27,31,1
0,2,28,32,1
0,2,29,33,1
0,2,30,34,1
0,2,31,35,1
0,2,32,36,1
0,2,33,37,1
0,2,34,38,1
0,2,35,39,1
0,2,36,41,1
0,2,37,42,1
0,2,38,43,1
0,2,39,44,1
0,2,40,45,1
0,2,41,46,1
0,2,42,47,1
0,2,43,48,1
0,2,44,49,1
0,2,45,50,1
0,2,46,51,1
0,2,47,52,1
0,2,48,53,1
0,2,49,54,1
0,2,50,55,1
0,2,51,56,1
0,2,52,57,1
0,2,53,58,1
0,2,54,59,1
0,2,55,60,1
0,2,56,61,1
0,2,57,62,1
0,2,58,63,1
0,2,59,64,1
0,2,60,65,1
0,2,61,66,1
0,2,62,67,1
0,2,63,69,1
0,2,64,70,1
0,2,65,71,1
0,2,66,72,1
0,2,67,73,1
0,2,68,74,1
0,2,69,75,1
0,2,70,76,1
0,2,71,77,1
0,2,72,78,1
0,2,73,79,1
0,2,74,80,1
0,2,75,81,1
0,2,76,82,1
0,2,77,83,1
0,2,78,84,1
0,2,79,85,1
0,2,80,86,1
0,2,81,87,1
0,2,82,88,1
0,2,83,89,1
0,2,84,90,1
0,2,85,91,1
0,2,86,92,1
0,2,87,93,1
0,2,88,94,1
0,2,89,95,1
0,2,90,97,1
0,2,91,98,1
0,2,92,99,1
0,2,93,100,1
0,2,94,101,1
0,2,95,102,1
0,2,96,103,1
0,2,97,104,1
0,2,98,105,1
0,2,99,106,1
0,2,100,107,1
0,2,101,108,1
0,2,102,109,1
0,2,103,110,1
0,2,104,111,1
0,2,105,112,1
0,2,106,113,1
0,2,107,114,1
0,2,108,115,1
0,2,109,116,1
0,2,110,117,1
0,2,111,118,1
0,2,112,119,1
0,2,113,120,1
0,2,114,121,1
0,2,115,122,1
0,2,116,123,1
0,2,117,125,1
0,2,118,127,1
0,2,119,129,1