-99,CellType,OrigCell,NewCell,PageNum,HUD 29564-VC Page4
0,2,1,2,4
0,2,2,3,4
0,2,3,4,4
0,2,4,5,4
0,2,5,6,4
0,2,6,7,4
0,2,7,8,4
0,2,8,9,4
0,2,9,10,4
0,2,10,11,4
0,2,11,12,4
0,2,12,13,4
0,2,13,14,4
0,2,14,15,4
0,2,15,16,4
0,2,16,17,4
0,2,17,18,4
0,2,18,19,4
0,2,19,20,4
0,2,20,21,4
0,2,21,22,4
0,2,22,23,4
0,2,23,24,4
0,2,24,25,4
0,2,25,26,4
0,2,26,27,4
0,2,27,28,4
0,2,28,29,4
0,2,29,30,4
0,2,30,31,4
0,2,31,32,4
0,2,32,33,4
0,2,33,34,4
0,2,34,35,4
0,2,35,36,4
0,2,36,37,4
0,2,37,38,4
0,2,38,39,4
0,2,39,40,4
0,2,40,41,4
0,2,41,42,4
0,2,42,43,4
0,2,43,44,4
0,2,44,45,4
0,2,45,46,4
0,2,46,47,4
0,2,47,48,4
0,2,48,49,4
0,2,49,50,4
0,2,50,51,4
0,2,51,52,4
0,2,52,53,4
0,2,53,54,4
0,2,54,55,4
0,2,55,56,4
0,2,56,57,4
0,2,57,58,4
0,2,58,59,4
0,2,59,60,4
0,2,60,61,4
0,2,61,62,4
0,2,62,63,4
0,2,63,64,4
0,2,64,65,4
0,2,65,66,4
0,2,66,67,4
0,2,67,68,4
0,2,68,69,4
0,2,69,70,4
0,2,70,71,4
0,2,71,72,4
0,2,72,73,4
0,2,73,74,4
0,2,74,75,4
0,2,75,76,4
0,2,76,77,4
0,2,77,78,4
0,2,78,79,4
0,2,79,80,4
0,2,80,81,4
0,2,81,82,4
0,2,82,83,4
0,2,83,84,4
0,2,84,85,4
0,2,85,86,4
0,2,86,87,4
0,2,87,88,4
0,2,88,89,4
0,2,89,90,4
0,2,90,91,4
0,2,91,92,4
0,2,92,93,4
0,2,93,94,4
0,2,94,95,4
0,2,95,96,4
0,2,96,97,4
0,2,97,98,4
0,2,98,99,4
0,2,99,100,4
0,2,100,101,4
0,2,101,102,4
0,2,102,103,4
0,2,103,104,4
0,2,104,105,4
0,2,105,106,4
0,2,106,107,4
0,2,107,108,4
0,2,108,109,4
0,2,109,110,4
0,2,110,111,4
0,2,111,112,4
0,2,112,113,4
0,2,113,114,4
0,2,114,115,4
0,2,115,116,4
0,2,116,117,4
0,2,117,118,4
0,2,118,119,4
0,2,119,120,4
0,2,120,121,4
0,2,121,122,4
0,2,122,123,4
0,2,123,124,4
0,2,124,125,4
0,2,125,126,4
0,2,126,127,4
0,2,127,128,4
0,2,128,129,4
0,2,129,130,4
0,2,130,131,4
0,2,131,132,4
0,2,132,133,4
0,2,133,134,4
0,2,134,135,4
0,2,135,136,4
0,2,136,137,4
0,2,137,138,4
0,2,138,139,4
0,2,139,140,4
0,2,140,141,4
0,2,141,142,4
0,2,142,143,4
0,2,143,144,4
0,2,144,145,4
0,2,145,146,4
0,2,146,147,4
0,2,147,148,4
0,2,148,149,4
0,2,149,150,4
0,2,150,151,4
0,2,151,152,4
0,2,152,153,4
0,2,153,154,4
0,2,154,155,4
0,2,155,156,4
0,2,156,157,4
0,2,157,158,4
0,2,158,159,4
0,2,159,160,4
0,2,160,161,4
0,2,161,162,4
0,2,162,163,4
0,2,163,164,4
0,2,164,165,4
0,2,165,166,4
0,2,166,167,4
0,2,167,168,4
0,2,168,169,4
0,2,169,170,4
0,2,170,171,4
0,2,171,172,4
0,2,172,173,4
0,2,173,174,4
0,2,174,175,4
0,2,175,176,4
0,2,176,177,4
0,2,177,178,4
0,2,178,179,4
0,2,179,180,4
0,2,180,181,4
0,2,181,182,4
0,2,182,183,4
0,2,183,184,4
0,2,184,185,4
0,2,185,186,4
0,2,186,187,4
0,2,187,188,4
0,2,188,189,4
0,2,189,190,4
0,2,190,191,4
0,2,191,192,4
0,2,192,193,4
0,2,193,194,4
0,2,194,195,4
0,2,195,196,4
0,2,196,197,4
0,2,197,198,4
0,2,198,199,4
0,2,199,200,4