FormRevisionMap, "UCISAR-EP '99",68,1,2
PAGE,1, SAME
PAGE,2, SAME
PAGE,3, SAME
PAGE,4, SAME
PAGE,5, SAME
PAGE,6, SAME
PAGE,7, SAME
PAGE,8, SAME
PAGE,9, SAME
PAGE,10, SAME
PAGE,11, SAME
PAGE,12, SAME
PAGE,13,REVISED
0,1,1
0,2,2
0,3,3
0,4,4
0,5,5
0,6,6
0,7,7
0,8,8
0,9,9
0,10,10
0,11,11
0,12,12
0,13,13
0,14,14
1,15,0
2,16,15
0,17,16
0,18,17
0,19,18
0,20,19
0,21,20
0,22,21
1,23,0
2,24,22
0,25,23
0,26,24
0,27,25
0,28,26
0,29,27
0,30,28
1,31,0
2,32,29
0,33,30
0,34,31
0,35,32
0,36,33
0,37,34
0,38,35
0,39,36
0,40,37
0,41,38
0,42,39
0,43,40
0,44,41
0,45,42
0,46,43
0,47,44
0,48,45
0,49,46
0,50,47
0,51,48
0,52,49
0,53,50
0,54,51
0,55,52
0,56,53
0,57,54
0,58,55
0,59,56
0,60,57
0,61,58
0,62,59
0,63,60
0,64,61
0,65,62
0,66,63
0,67,64
0,68,65
0,69,66
0,70,67
0,71,68
0,72,69
0,73,70
0,74,71
0,75,72
0,76,73
0,77,74
0,78,75
0,79,76
0,80,77
0,81,78
0,82,79
PAGE,14,SAME
PAGE,15,SAME
PAGE,16,SAME
PAGE,17,SAME
PAGE,18,SAME
PAGE,19,SAME
PAGE,20,SAME
PAGE,21,SAME