FormRevisionMap, "Generic Sales Grid 1", 662, 1, 2
PAGE, 1, REVISED
0,1,3
0,2,4
0,3,5
0,4,6
0,5,7
0,6,8
0,7,9
0,8,10
0,9,11
0,10,12
0,11,13
0,12,14
0,13,15
0,14,16
0,15,17
0,16,18
0,17,19
0,18,20
0,19,21
0,20,22
0,21,23
0,22,24
0,23,25
0,24,27
0,25,28
0,26,29
0,27,30
0,28,31
0,29,32
0,30,33
0,31,34
0,32,35
0,33,36
0,34,37
0,35,38
0,36,39
0,37,40
0,38,41
0,39,42
0,40,43
0,41,44
0,42,45
0,43,46
0,44,47
0,45,48
0,46,49
0,47,50
0,48,51
0,49,52
0,50,53
0,51,54
0,52,55
0,53,56
0,54,57
0,55,58
0,56,59
0,57,60
0,58,61
0,59,62
0,60,63
0,61,64
0,62,65
0,63,66
0,64,67
0,65,69
0,66,70
0,67,71
0,68,72
0,69,73
0,70,74
0,71,75
0,72,76
0,73,77
0,74,78
0,75,79
0,76,80
0,77,81
0,78,82
0,79,83
0,80,84
0,81,85
0,82,86
0,83,87
0,84,88
0,85,89
0,86,90
0,87,91
0,88,92
0,89,93
0,90,94
0,91,95
0,92,96
0,93,97
0,94,98
0,95,99
0,96,100
0,97,101
0,98,102
0,99,103
0,100,104
0,101,105
0,102,106
0,103,107
0,104,108
0,105,109
0,106,111
0,107,112
0,108,113
0,109,114
0,110,115
0,111,116
0,112,117
0,113,118
0,114,119
0,115,120
0,116,121
0,117,122
0,118,123
0,119,124
0,120,125
0,121,126
0,122,127
0,123,128
0,124,129
0,125,130
0,126,131
0,127,132
0,128,133
0,129,134
0,130,135
0,131,136
0,132,137
0,133,138
0,134,139
0,135,140
0,136,141
0,137,142
0,138,143
0,139,144
0,140,145
0,141,146
0,142,147
0,143,148
0,144,149
0,145,150
0,146,151
0,147,152
0,148,153
0,149,154
0,150,155