FormRevisionMap,"Green Point Desk Review",779,1,2
PAGE,1, REVISED
0,1,1
0,2,2
0,3,3
0,4,4
0,5,5
0,6,6
0,7,7
0,8,8
0,9,9
0,10,10
0,11,11
0,12,12
0,13,13
0,14,14
0,15,15
0,16,16
0,17,17
0,18,18
0,19,19
0,20,20
0,21,21
0,22,22
0,23,23
0,24,24
0,25,25
0,26,26
0,27,27
0,28,28
0,29,29
0,30,30
0,31,31
0,32,32
0,33,33
0,34,34
0,35,35
0,36,36
0,37,37
0,38,38
0,39,39
0,40,40
0,41,41
0,42,42
0,43,43
0,44,44
0,45,45
0,46,46
0,47,47
0,48,48
0,49,49
0,50,50
0,51,51
0,52,52
0,53,53
0,54,54
0,55,55
0,56,56
0,57,57
0,58,58
0,59,59
0,60,60
0,61,61
0,62,62
0,63,63
0,64,64
0,65,65
0,66,68
0,67,69
0,68,70
0,69,71
0,70,72
0,71,73
0,72,74
0,73,75
0,74,76
0,75,77
0,76,78
0,77,79
0,78,80
0,79,81
0,80,82
0,81,83
0,82,84
0,83,87
0,84,88
0,85,89
0,86,90
0,87,91
0,88,92
0,89,93
0,90,94
0,91,95
0,92,96
0,93,97
0,94,98
0,95,99
0,96,100
0,97,101
0,98,102
0,99,103
0,100,104
0,101,105
0,102,106
0,103,107
0,104,108
0,105,109
0,106,110
0,107,111
0,108,112
0,109,113
0,110,114
0,111,115
0,112,116
0,113,117
0,114,118
0,115,119
0,116,120
0,117,121
0,118,122
0,119,123
0,120,124
0,121,125
0,122,126
0,123,127
0,124,128
0,125,85
0,126,86
0,127,129
0,128,130
PAGE,2,REVISED
0,1,1
0,2,2
0,3,3
0,4,4
0,5,5
0,6,6
0,7,7
0,8,8
0,9,9
0,10,10
0,11,11
0,12,12
0,13,13
0,14,14
0,15,15
0,16,16
0,17,17
0,18,18
0,19,19
0,20,20
0,21,21
0,22,22
0,23,23
0,24,24
0,25,25
0,26,26
0,27,27
0,28,28
0,29,29
0,30,30
0,31,31
0,32,32
0,33,33
0,34,34
0,35,35
0,36,36
0,37,37
0,38,38
0,39,39
0,40,40
0,41,41
0,42,42
0,43,43
0,44,44
0,45,45
0,46,46
0,47,47
0,48,48
0,49,49
0,50,50
0,51,51
0,52,52
0,53,53
0,54,54
0,55,56
0,56,58
0,57,59
0,58,60
0,59,61
0,60,62
0,61,63
0,62,64
0,63,65
0,64,66
0,65,67
0,66,68