FormRevisionMap,Short Form Appraisal,950,1,2
PAGE,1,REVISED
0,1,1
0,2,2
0,3,3
0,4,4
0,5,5
0,6,6
0,7,7
0,8,8
0,9,9
0,10,10
0,11,11
0,12,12
0,13,13
0,14,14
0,15,15
0,16,16
0,17,18
0,18,19
0,19,20
0,20,21
0,21,22
0,22,23
0,23,24
0,24,25
0,25,26
0,26,27
0,27,28
0,28,29
0,29,30
0,30,31
0,31,32
0,32,33
0,33,34
0,34,35
0,35,36
0,36,37
0,37,38
0,38,39
0,39,40
0,40,41
0,41,42
0,42,43
0,43,44
0,44,45
0,45,46
0,46,47
0,47,48
0,48,49
0,49,50
0,50,51
0,51,52
0,52,53
0,53,54
0,54,55
0,55,56
0,56,57
0,57,58
0,58,59
0,59,60
0,60,61
0,61,62
0,62,63
0,63,64
0,64,65
0,65,66
0,66,67
0,67,68
0,68,69
0,69,70
0,70,71
0,71,72
0,72,73
0,73,74
0,74,75
0,75,76
0,76,77
0,77,78
0,78,79
0,79,80
0,80,81
0,81,82
0,82,83
0,83,84
0,84,85
0,85,86
0,86,87
0,87,88
0,88,89
0,89,90
0,90,91
0,91,92
0,92,93
0,93,94
0,94,95
0,95,96
0,96,97
0,97,98
0,98,99
0,99,100
0,100,101
0,101,102
0,102,103
0,103,104
0,104,105
0,105,106
0,106,107
0,107,108
0,108,109
0,109,110
0,110,111
0,111,113
0,112,114
0,113,115
0,114,116
0,115,117
0,116,118
0,117,119
0,118,120
0,119,121
0,120,122
0,121,123
0,122,124
0,123,125
0,124,126
0,125,127
0,126,128
0,127,129
0,128,130
0,129,131
0,130,132
0,131,133
0,132,134
0,133,135
0,134,136
0,135,137
0,136,138
0,137,140
0,138,141
0,139,142
0,140,143
0,141,144
0,142,145
0,143,146
0,144,147
0,145,148
0,146,149
0,147,150
0,148,151
0,149,152
0,150,153
0,151,154
0,152,155
0,153,156
0,154,157
0,155,158
0,156,159
0,157,160
0,158,161
0,159,162
0,160,163
0,161,164
0,162,165
0,163,166
0,164,167
0,165,168
0,166,169
0,167,170
0,168,171
0,169,172
0,170,173
0,171,174
0,172,175
0,173,176
0,174,177
0,175,178
0,176,179
0,177,180
0,178,182
0,179,183
0,180,184
0,181,185
0,182,186
0,183,187
0,184,188
0,185,189
0,186,190
0,187,191
0,188,192
0,189,193
0,190,194
0,191,195
0,192,196
0,193,197
0,194,198
0,195,199
0,196,200
0,197,201
0,198,202
0,199,203
0,200,204
0,201,205
0,202,206
0,203,207
0,204,208
0,205,209
0,206,210
0,207,211
0,208,212
0,209,213
0,210,214
0,211,215
0,212,216
0,213,217
0,214,218
0,215,219
0,216,220
0,217,221
0,218,222
0,219,224
0,220,225
0,221,226
0,222,227
0,223,228
0,224,229
0,225,230
0,226,231
0,227,232
0,228,233
0,229,234
0,230,235
0,231,236
0,232,237
0,233,238
0,234,239
0,235,240
0,236,241
0,237,242
0,238,243
0,239,244
0,240,245
0,241,246
0,242,247
0,243,248
0,244,249
0,245,250
0,246,251
0,247,252
0,248,253
0,249,254
0,250,255
0,251,256
0,252,257
0,253,258
0,254,259
0,255,260
0,256,261
0,257,262
0,258,263
0,259,264
0,260,265
0,261,266
0,262,267
0,263,268
0,264,269
0,265,270
0,266,271
0,267,272
0,268,273
0,269,274
0,270,275
0,271,276
0,272,277
0,273,278
0,274,279
0,275,280
0,276,281
0,277,282
0,278,283
0,279,284
0,280,285
0,281,286
