FormRevisionMap,FNMA1004C,342,1,4
PAGE,1,REVISED
0,1,1
0,2,2
0,3,3
0,4,4
0,5,5
0,6,6
0,7,7
0,8,8
0,9,9
0,10,10
0,11,11
0,12,12
0,13,13
0,14,14
0,15,15
0,16,16
0,17,17
0,18,18
0,19,19
0,20,20
0,21,21
0,22,22
0,23,23
0,24,24
0,25,25
0,26,26
0,27,27
0,28,28
0,29,29
0,30,30
0,31,31
0,32,32
0,33,33
0,34,34
0,35,35
0,36,36
0,37,37
0,38,38
0,39,39
0,40,40
0,41,41
0,42,42
0,43,43
0,44,44
0,45,45
0,46,46
0,47,47
0,48,48
0,49,49
0,50,50
0,51,51
0,52,52
0,53,53
0,54,54
0,55,55
0,56,56
0,57,57
0,58,58
0,59,59
0,60,60
0,61,61
0,62,62
0,63,63
0,64,64
0,65,65
0,66,66
0,67,67
0,68,68
0,69,69
0,70,70
0,71,71
0,72,72
0,73,73
0,74,74
0,75,75
0,76,76
0,77,77
0,78,78
0,79,81
0,80,79
0,81,82
0,82,80
0,83,83
0,84,84
0,85,85
0,86,86
0,87,87
0,88,89
0,89,90
0,90,91
0,91,92
0,92,93
0,93,94
0,94,95
0,95,96
0,96,97
0,97,98
0,98,99
0,99,100
0,100,101
0,101,102
0,102,103
0,103,104
0,104,105
0,105,106
0,106,107
0,107,108
0,108,109
0,109,110
0,110,111
0,111,112
0,112,113
0,113,114
0,114,115
0,115,116
0,116,117
0,117,118
0,118,119
0,119,120
0,120,121
0,121,122
0,122,123
0,123,124
0,124,125
0,125,126
0,126,127
0,127,128
0,128,129
0,129,130
0,130,131
0,131,132
0,132,133
0,133,134
0,134,135
0,135,136
0,136,137
0,137,138
0,138,139
0,139,140
0,140,141
0,141,142
0,142,143
0,143,144
0,144,145
0,145,146
0,146,147
0,147,148
0,148,149
0,149,150
0,150,151
0,151,152
0,152,153
0,153,154
0,154,155
0,155,156
0,156,157
0,157,158
0,158,159
0,159,160
PAGE,2,REVISED
0,1,1
0,2,2
0,3,3
0,4,4
0,5,5
0,6,6
0,7,8
0,8,9
0,9,10
0,10,12
0,11,13
0,12,14
0,13,15
0,14,16
0,15,17
0,16,18
0,17,19
0,18,20
0,19,21
0,20,22
0,21,23
0,22,24
0,23,25
0,24,26
0,25,27
0,26,28
0,27,29
0,28,30
0,29,31
0,30,32
0,31,33
0,32,34
0,33,35
0,34,36
0,35,37
0,36,38
0,37,39
0,38,40
0,39,41
0,40,42
0,41,43
0,42,44
0,43,45
0,44,46
0,45,47
0,46,48
0,47,49
0,48,50
0,49,51
0,50,52
0,51,53
0,52,54
0,53,55
0,54,56
0,55,57
0,56,58
0,57,59
0,58,60
0,59,61
0,60,62
0,61,63
0,62,64
0,63,65
0,64,66
0,65,67
0,66,68
0,67,69
0,68,70
0,69,71
0,70,72
0,71,73
0,72,74
0,73,75
0,74,76
0,75,77
0,76,78
0,77,79
0,78,80
0,79,81
0,80,82
0,81,83
0,82,84
0,83,85
0,84,86
0,85,87
0,86,88
0,87,89
0,88,90
0,89,91
0,90,92
0,91,93
0,92,94
0,93,95
0,94,96
0,95,97
0,96,98
0,97,99
0,98,100
0,99,101
0,100,102
0,101,103
0,102,104
0,103,105
0,104,106
0,105,107
0,106,108
0,107,109
0,108,110
0,109,111
0,110,112
0,111,113
0,112,114
0,113,115
0,114,116
0,115,117
0,116,118
0,117,119
0,118,120
0,119,121
0,120,122
0,121,123
0,122,124
0,123,125
0,124,126
0,125,127
0,126,128
0,127,129
0,128,130
0,129,131
0,130,132
0,131,133
0,132,134
0,133,135
0,134,136
0,135,137
0,136,138
0,137,139
0,138,140
0,139,141
0,140,142
0,141,143
0,142,144
0,143,145
0,144,146
0,145,147
0,146,148
0,147,149
0,148,150
0,149,151
0,150,152
0,151,153
0,152,154
0,153,155
0,154,156
0,155,157
0,156,158
0,157,159
0,158,160
0,159,161
0,160,162
0,161,163
0,162,164
0,163,165
0,164,166
0,165,167
0,166,168
0,167,169
0,168,170
0,169,171
0,170,172
0,171,173
0,172,174
0,173,175
0,174,176
0,175,177
0,176,178
0,177,179
0,178,180
0,179,181
0,180,182
0,181,183
0,182,184
0,183,185
0,184,186
0,185,187
0,186,188
0,187,189
0,188,190
0,189,191
0,190,192
0,191,193
0,192,194
0,193,195
0,194,196
0,195,197
0,196,198
0,197,199
0,198,200
0,199,201
0,200,202
0,201,203
PAGE,3,REVISED
0,1,1
0,2,2
0,3,3
0,4,4
0,5,5
0,6,6
0,7,7
0,8,8
0,9,9
0,10,10
0,11,11
0,12,12
0,13,13
0,14,14
0,15,20
0,16,21
0,17,22
0,18,23
0,19,24
0,20,25
0,21,26
0,22,27
0,23,28
0,24,29
0,25,30
0,26,31
0,27,32
0,28,33
0,29,34
0,30,35
0,31,36
0,32,37
0,33,38
0,34,39
0,35,40
0,36,41
0,37,42
0,38,43
0,39,44
0,40,45
0,41,46
0,42,47
0,43,48
0,44,49
0,45,50
0,46,51
0,47,52
0,48,53
0,49,54
0,50,55
0,51,56
0,52,57
0,53,58
0,54,59
0,55,60
0,56,61
0,57,62
0,58,63
0,59,64
0,60,65
0,61,66
0,62,67
0,63,68
0,64,69
0,65,70
0,66,71
0,67,72
0,68,73
0,69,74
0,70,75
0,71,76
0,72,77
0,73,78
0,74,79
0,75,80
0,76,81
0,77,82
0,78,83
0,79,84
0,80,85
0,81,86
0,82,87
0,83,88
0,84,89
0,85,90
0,86,91
0,87,92
0,88,93
0,89,94
0,90,95
0,91,96
0,92,97
0,93,98
0,94,99
0,95,100
0,96,101
0,97,102
0,98,103
0,99,104
0,100,105
0,101,106
0,102,107
0,103,108
0,104,109
0,105,110
0,106,111
0,107,112
0,108,113
0,109,114
0,110,115
0,111,116
0,112,117
0,113,118
0,114,119
0,115,120
0,116,121
0,117,122
0,118,123
0,119,124
0,120,125
0,121,126
0,122,127
0,123,128
0,124,129
0,125,130
0,126,131
0,127,132
0,128,133
0,129,134
0,130,135
0,131,136
0,132,137
0,133,138
0,134,139
0,135,140
0,136,141
0,137,142
0,138,143
0,139,144
0,140,145
0,141,146
0,142,147
0,143,148
0,144,149
0,145,150
0,146,151
0,147,152
0,148,153
0,149,154
0,150,155
0,151,156
0,152,157
0,153,158
0,154,159
0,155,160
0,156,161
0,157,162
0,158,163
0,159,164
0,160,165
0,161,166
0,162,167
0,163,168
0,164,169
0,165,170
0,166,171
0,167,172
0,168,173
0,169,174
0,170,175
0,171,176
0,172,177
0,173,178
0,174,179
0,175,180
0,176,181
0,177,182
0,178,183
0,179,184
0,180,185
0,181,186
0,182,187
0,183,188
0,184,189
0,185,190
0,186,191
0,187,192
0,188,193
0,189,194
0,190,195
0,191,196
0,192,197
0,193,198
0,194,199
0,195,200
0,196,201
0,197,202
0,198,203
0,199,204
0,200,205
0,201,206
0,202,207
0,203,208
0,204,209
0,205,210
0,206,211
0,207,212
0,208,213
0,209,214
0,210,215
0,211,216
0,212,217
0,213,218
0,214,219
0,215,220
0,216,221
0,217,222
0,218,223
0,219,224
0,220,225
0,221,226
0,222,227
0,223,228
0,224,229
0,225,230
0,226,231
0,227,232
0,228,233
0,229,234
0,230,235
0,231,236
0,232,237
0,233,238
0,234,239
0,235,240
0,236,241
0,237,242
0,238,243
0,239,244
0,240,245
0,241,246
0,242,247
0,243,248
0,244,249
0,245,250
0,246,251
0,247,252
0,248,253
0,249,254
0,250,255
0,251,256
0,252,257
0,253,258
0,254,259
0,255,260
0,256,261
0,257,262
0,258,263
0,259,264
0,260,265
0,261,266
0,262,267
0,263,268
0,264,269
0,265,270
0,266,271
PAGE,4,SAME
