FormRevisionMap, 2055, 37, 1, 2
PAGE, 1, REVISED
0,1,1
0,2,2
0,3,3
0,4,4
0,5,5
0,6,6
0,7,7
0,8,8
0,9,9
0,10,10
0,11,11
0,12,12
0,13,13
0,14,14
0,15,15
0,16,16
0,17,17
0,18,18
0,19,19
0,20,20
0,21,21
0,22,22
0,23,23
0,24,24
0,25,25
0,26,26
0,27,27
0,28,28
0,29,29
0,30,30
0,31,31
0,32,32
0,33,33
0,34,34
0,35,35
0,36,36
0,37,37
0,38,38
0,39,39
0,40,40
0,41,41
0,42,42
0,43,43
0,44,44
0,45,45
0,46,46
0,47,47
0,48,48
0,49,49
0,50,50
0,51,51
0,52,52
0,53,53
0,54,54
0,55,55
0,56,56
0,57,57
0,58,58
0,59,59
0,60,60
0,61,61
0,62,62
0,63,63
0,64,64
0,65,65
0,66,66
0,67,67
0,68,68
0,69,69
0,70,70
0,71,71
0,72,72
0,73,73
0,74,74
0,75,75
0,76,76
0,77,77
0,78,78
0,79,79
0,80,80
0,81,81
0,82,82
0,83,83
0,84,84
0,85,85
0,86,86
0,87,87
0,88,88
0,89,89
0,90,90
0,91,91
0,92,92
0,93,93
0,94,94
0,95,95
0,96,96
0,97,97
0,98,98
0,99,99
0,100,100
0,101,101
0,102,102
0,103,103
0,104,104
0,105,105
0,106,106
0,107,107
0,108,108
0,109,109
0,110,110
0,111,111
0,112,112
0,113,113
0,114,114
0,115,115
0,116,116
0,117,117
0,118,118
0,119,119
0,120,120
0,121,121
0,122,122
0,123,123
0,124,124
0,125,125
0,126,126
0,127,127
0,128,128
0,129,129
0,130,130
0,131,131
0,132,132
0,133,133
0,134,134
0,135,135
0,136,136
0,137,137
0,138,138
0,139,139
0,140,140
0,141,141
0,142,142
0,143,143
0,144,144
0,145,145
0,146,146
0,147,147
0,148,148
0,149,149
0,150,150
0,151,151
0,152,152
0,153,153
0,154,154
0,155,155
0,156,156
0,157,157
0,158,158
0,159,159
0,160,160
0,161,161
0,162,162
0,163,164
0,164,165
0,165,166
0,166,167
0,167,168
0,168,169
0,169,170
0,170,171
0,171,172
0,172,173
0,173,174
0,174,175
0,175,176
0,176,177
0,177,178
0,178,179
0,179,180
0,180,181
0,181,182
0,182,183
0,183,184
0,184,185
0,185,186
0,186,187
0,187,188
0,188,189
0,189,190
0,190,191
0,191,192
0,192,193
0,193,194
0,194,195
0,195,196
0,196,197
0,197,198
0,198,199
0,199,200
0,200,201
0,201,202
0,202,203
0,203,204
0,204,205
0,205,206
0,206,207
0,207,208
0,208,209
0,209,211
0,210,212
0,211,213
0,212,214
0,213,215
0,214,216
0,215,217
0,216,218
0,217,219
0,218,220
0,219,221
0,220,222
0,221,223
0,222,224
0,223,225
0,224,226
0,225,227
0,226,228
0,227,229
0,228,230
0,229,231
0,230,232
0,231,233
0,232,234
0,233,235
0,234,236
0,235,237
0,236,238
0,237,239
0,238,240
0,239,241
0,240,242
0,241,243
0,242,244
0,243,245
0,244,246
0,245,247
0,246,248
0,247,249
0,248,250
0,249,251
0,250,252
0,251,253
0,252,254
0,253,255
0,254,256
0,255,258
0,256,259
0,257,260
0,258,261
0,259,262
0,260,263
0,261,264
0,262,265
0,263,266
0,264,267
0,265,268
0,266,269
0,267,270
0,268,271
0,269,272
0,270,273
0,271,274
0,272,275
0,273,276
0,274,277
0,275,278
0,276,279
0,277,280
0,278,281
0,279,282
0,280,283
0,281,284
0,282,285
0,283,286
0,284,287
0,285,288
0,286,289
0,287,290
0,288,291
PAGE, 2, SAME
PAGE, 3, SAME