FormRevisionMap, "Multi Purpose Supplemental",656,1,4
PAGE,1, REVISED
0,1,1
0,2,2
0,3,3
0,4,4
0,5,5
0,6,6
0,7,7
0,8,8
0,9,9
0,10,10
0,11,11
0,12,13
0,13,14
0,14,15
0,15,16
0,16,17
0,17,18
0,18,19
0,19,20
0,20,21
0,21,22
0,22,23
0,23,24
0,24,25
0,25,26
0,26,27
0,27,28
0,28,29
0,29,30
0,30,31
0,31,32
0,32,33
0,33,34
0,34,35
0,35,36
0,36,37
0,37,38
0,38,39
0,39,40
0,40,41
0,41,42
0,42,43
0,43,44
0,44,45
0,45,46
0,46,47
0,47,48
0,48,49
0,49,50
0,50,51
0,51,52
0,52,53
0,53,54
0,54,55
0,55,56
0,56,57
0,57,58
0,58,59
0,59,60
0,60,61
0,61,62
0,62,63
0,63,64
0,64,65
0,65,66
PAGE,2, REVISED
0,1,1
0,2,2
0,3,3
0,4,4
0,5,5
0,6,6
0,7,7
0,8,8
0,9,9
0,10,10
0,11,11
0,12,12
0,13,13
0,14,14
0,15,15
0,16,16
0,17,17
0,18,18
0,19,19
0,20,20
0,21,21
11,22,22
12,23,22
0,24,23
0,25,24
0,26,25
11,27,26
12,28,26
0,29,27
0,30,28
0,31,29
0,32,30
0,33,31
0,34,32
0,35,33
0,36,34
0,37,35
0,38,36
0,39,37
0,40,38
0,41,39
0,42,40
0,43,41
0,44,42
0,45,43
0,46,44
0,47,45
0,48,46
0,49,47
0,50,48
0,51,49
0,52,50
0,53,51
0,54,52
0,55,53
0,56,54
0,57,55
0,58,56
0,59,57
0,60,58
0,61,59
0,62,60
0,63,61
0,64,62
0,65,63