FormRevisionMap,"FNMA 2065 XCOMPS", 40, 1, 2
PAGE, 1, REVISED
0,1,1
0,2,2
0,3,3
0,4,4
0,5,5
0,6,6
0,7,7
0,8,8
0,9,9
0,10,10
0,11,11
0,12,12
0,13,13
0,14,14
0,15,16
0,16,17
0,17,18
0,18,19
0,19,20
0,20,21
0,21,22
0,22,23
0,23,24
0,24,25
0,25,26
0,26,27
0,27,28
0,28,29
0,29,30
0,30,31
0,31,32
0,32,33
0,33,34
0,34,35
0,35,36
0,36,37
0,37,38
0,38,40
0,39,41
0,40,42
0,41,43
0,42,44
0,43,45
0,44,46
0,45,47
0,46,48
0,47,49
0,48,50
0,49,51
0,50,52
0,51,53
0,52,54
0,53,55
0,54,56
0,55,57
0,56,58
0,57,59
0,58,60
0,59,61
0,60,62
0,61,63
0,62,64
0,63,65
0,64,66
0,65,67
0,66,68
0,67,69
0,68,70
0,69,71
0,70,72
0,71,73
0,72,74
0,73,75
0,74,76
0,75,77
0,76,78
0,77,79
0,78,80
0,79,81
0,80,82
0,81,83
0,82,84
0,83,86
0,84,87
0,85,88
0,86,89
0,87,90
0,88,91
0,89,92
0,90,93
0,91,94
0,92,95
0,93,96
0,94,97
0,95,98
0,96,99
0,97,100
0,98,101
0,99,102
0,100,103
0,101,104
0,102,105
0,103,106
0,104,107
0,105,108
0,106,109
0,107,110
0,108,111
0,109,112
0,110,113
0,111,114
0,112,115
0,113,116
0,114,117
0,115,118
0,116,119
0,117,120
0,118,121
0,119,122
0,120,123
0,121,124
0,122,125
0,123,126
0,124,127
0,125,128
0,126,129
0,127,130
0,128,132
0,129,133
0,130,134
0,131,135
0,132,136
0,133,137
0,134,138
0,135,139
0,136,140
0,137,141
0,138,142
0,139,143
0,140,144
0,141,145
0,142,146
0,143,147
0,144,148
0,145,149
0,146,150
0,147,151
0,148,152
0,149,153
0,150,154
0,151,155
0,152,156
0,153,157
0,154,158
0,155,159
0,156,160
0,157,161
0,158,162
0,159,163
0,160,164
0,161,165
0,162,166
0,163,167
0,164,168
0,165,169
0,166,170
0,167,171
0,168,172
0,169,173
0,170,174
0,171,175
0,172,176
0,173,177