FormRevisionMap,ResidentialAppraisalReport,349,1,4
PAGE,1,REVISED
0,1,1
0,2,2
0,3,3
0,4,4
0,5,5
0,6,6
0,7,7
0,8,8
0,9,9
0,10,10
0,11,11
0,12,12
0,13,13
0,14,14
0,15,15
0,16,16
0,17,17
0,18,18
0,19,19
0,20,20
0,21,21
0,22,22
0,23,23
0,24,24
0,25,25
0,26,26
0,27,27
0,28,28
0,29,29
0,30,30
0,31,31
0,32,32
0,33,33
0,34,34
0,35,35
0,36,36
0,37,37
0,38,38
0,39,39
0,40,40
0,41,41
0,42,42
0,43,43
0,44,44
0,45,45
0,46,46
0,47,47
0,48,48
0,49,49
0,50,50
0,51,51
0,52,52
0,53,53
0,54,54
0,55,55
0,56,56
0,57,57
0,58,58
0,59,59
0,60,60
0,61,61
0,62,62
0,63,63
0,64,64
0,65,65
0,66,66
0,67,67
0,68,68
0,69,69
0,70,70
0,71,73
0,72,71
0,73,74
0,74,72
0,75,75
0,76,76
0,77,77
0,78,78
0,79,79
0,80,80
0,81,81
0,82,82
0,83,83
0,84,84
0,85,85
0,86,86
0,87,87
0,88,88
0,89,89
0,90,90
0,91,91
0,92,92
0,93,93
0,94,94
0,95,95
0,96,96
0,97,97
0,98,98
0,99,99
0,100,100
0,101,101
0,102,102
0,103,103
0,104,104
0,105,105
0,106,106
0,107,107
0,108,108
0,109,109
0,110,110
0,111,111
0,112,112
0,113,113
0,114,114
0,115,115
0,116,116
0,117,117
0,118,118
0,119,119
0,120,120
0,121,121
0,122,122
0,123,123
0,124,124
0,125,125
0,126,126
0,127,127
0,128,128
0,129,129
0,130,130
0,131,131
0,132,132
0,133,133
0,134,134
0,135,135
0,136,136
0,137,137
0,138,138
0,139,139
0,140,140
0,141,141
0,142,142
0,143,143
0,144,144
0,145,145
0,146,146
0,147,147
0,148,148
0,149,149
0,150,150
0,151,151
0,152,152
0,153,153
0,154,154
0,155,155
0,156,156
0,157,157
0,158,158
0,159,159
0,160,160
0,161,161
0,162,162
0,163,163
0,164,164
0,165,165
0,166,166
0,167,167
0,168,168
0,169,169
0,170,170
0,171,171
0,172,172
0,173,173
0,174,174
0,175,175
0,176,176
0,177,177
0,178,178
0,179,179
0,180,180
0,181,181
0,182,182
0,183,183
0,184,184
0,185,185
0,186,186
0,187,187
0,188,188
0,189,189
0,190,190
0,191,191
0,192,192
0,193,193
0,194,194
0,195,195
0,196,196
0,197,197
0,198,198
0,199,199
0,200,200
0,201,201
0,202,202
0,203,203
0,204,204
0,205,205
0,206,206
0,207,207
0,208,208
0,209,209
0,210,210
0,211,211
0,212,212
0,213,213
0,214,214
0,215,215
0,216,216
0,217,217
0,218,218
0,219,219
0,220,220
0,221,221
0,222,222
0,223,223
0,224,224
0,225,225
0,226,226
0,227,227
0,228,228
0,229,229
0,230,230
0,231,231
0,232,232
0,233,233
0,234,234
PAGE,2,SAME
PAGE,3,REVISED
0,1,1
0,2,2
0,3,3
0,4,4
0,5,5
0,6,6
0,7,7
0,8,8
0,9,9
0,10,10
0,11,11
0,12,12
0,13,13
0,14,14
0,15,15
0,16,16
0,17,17
0,18,18
0,19,19
0,20,20
0,21,21
0,22,27
0,23,28
0,24,29
0,25,30
0,26,31
0,27,32
0,28,33
0,29,34
0,30,35
0,31,36
0,32,37
0,33,38
0,34,39
0,35,40
0,36,41
0,37,42
0,38,43
0,39,44
0,40,45
0,41,46
0,42,47
0,43,48
0,44,49
0,45,50
0,46,51
0,47,52
0,48,53
0,49,54
0,50,55
0,51,56
0,52,57
0,53,58
0,54,59
0,55,60
0,56,61
0,57,62
0,58,63
0,59,64
0,60,65
0,61,66
0,62,67
0,63,68
0,64,69
0,65,70
0,66,71
0,67,72
0,68,73
0,69,74
0,70,75
0,71,76
0,72,77
0,73,78
0,74,79
0,75,80
0,76,81
0,77,82
0,78,83
0,79,84
0,80,85
0,81,86
0,82,87
0,83,88
0,84,89
0,85,90
0,86,91
0,87,92
0,88,93
0,89,94
0,90,95
0,91,96
0,92,97
0,93,98
0,94,99
0,95,100
0,96,101
0,97,102
0,98,103
0,99,104
0,100,105
0,101,106
0,102,107
0,103,108
0,104,109
0,105,110
0,106,111
0,107,112
0,108,113
0,109,114
0,110,115
0,111,116
0,112,117
0,113,118
0,114,119
0,115,120
0,116,121
0,117,122
0,118,123
0,119,124
0,120,125
0,121,126
0,122,127
0,123,128
0,124,129
0,125,130
0,126,131
0,127,132
0,128,133
0,129,134
0,130,135
0,131,136
0,132,137
0,133,138
0,134,139
0,135,140
0,136,141
0,137,142
0,138,143
0,139,144
0,140,145
0,141,146
0,142,147
0,143,148
0,144,149
0,145,150
0,146,151
0,147,152
0,148,153
0,149,154
0,150,155
0,151,156
0,152,157
0,153,158
0,154,159
0,155,160
0,156,161
0,157,162
0,158,163
0,159,164
0,160,165
0,161,166
0,162,167
0,163,168
0,164,169
0,165,170
0,166,171
0,167,172
0,168,173
0,169,174
0,170,175
0,171,176
0,172,177
0,173,178
0,174,179
0,175,180
0,176,181
0,177,182
0,178,183
0,179,184
0,180,185
0,181,186
0,182,187
0,183,188
0,184,189
0,185,190
0,186,191
0,187,192
0,188,193
0,189,194
0,190,195
0,191,196
0,192,197
0,193,198
0,194,199
0,195,200
0,196,201
0,197,202
0,198,203
0,199,204
0,200,205
0,201,206
0,202,207
0,203,208
0,204,209
0,205,210
0,206,211
0,207,212
0,208,213
0,209,214
0,210,215
0,211,216
0,212,217
0,213,218
0,214,219
0,215,220
0,216,221
0,217,222
0,218,223
0,219,224
0,220,225
0,221,226
0,222,227
0,223,228
0,224,229
0,225,230
0,226,231
0,227,232
0,228,233
0,229,234
0,230,235
0,231,236
0,232,237
0,233,238
0,234,239
0,235,240
0,236,241
0,237,242
0,238,243
0,239,244
0,240,245
0,241,246
0,242,247
0,243,248
0,244,249
0,245,250
0,246,251
0,247,252
0,248,253
0,249,254
0,250,255
0,251,256
0,252,257
0,253,258
0,254,259
0,255,260
0,256,261
0,257,262
0,258,263
0,259,264
0,260,265
0,261,266
0,262,267
0,263,268
0,264,269
0,265,270
0,266,271
0,267,272
0,268,273
0,269,274
0,270,275
0,271,276
0,272,277
0,273,278
0,274,279
0,275,280
0,276,281
0,277,282
0,278,283
0,279,284
0,280,285
0,281,286
0,282,287
0,283,288
0,284,289
0,285,290
0,286,291
0,287,292
0,288,293
0,289,294
0,290,295
0,291,296
0,292,297
0,293,298
0,294,299
0,295,300
0,296,301
0,297,302
0,298,303
0,299,304
0,300,305
0,301,306
0,302,307
0,303,308
0,304,309
0,305,310
0,306,311
0,307,312
0,308,313
0,309,314
0,310,315
0,311,316
0,312,317
0,313,318
0,314,319
0,315,320
0,316,321
0,317,322
0,318,323
0,319,324
0,320,325
0,321,326
0,322,327
0,323,328
0,324,329
0,325,330
0,326,331
0,327,332
0,328,333
0,329,334
0,330,335
0,331,336
0,332,337
0,-1,338
0,-1,339
0,-1,340
0,-1,341
0,-1,342
0,-1,343
0,-1,344
0,-1,345
0,-1,346
0,-1,347
0,-1,348
0,-1,349
0,-1,350
0,-1,351
0,-1,352
0,-1,353
PAGE,4,SAME