FormRevisionMap, "MULTI PURPOSE SUPPLEMENTAL ADDENDUM #2",776,1,2
PAGE,1, REVISED
0,1,1
0,2,2
0,3,3
0,4,4
0,5,5
0,6,6
0,7,7
0,8,8
0,9,9
0,10,10
0,11,11
0,12,12
0,13,13
0,14,14
0,15,15
0,16,16
0,17,17
0,18,18
0,19,19
0,20,20
0,21,21
0,22,22
0,23,23
0,24,24
0,25,25
0,26,26
0,27,27
0,28,28
0,29,29
0,30,30
0,31,31
0,32,32
0,33,33
0,34,34
0,35,36
0,36,37
0,37,39
0,38,40
0,39,42
0,40,43
0,41,44
0,42,45
0,43,46
0,44,47
0,45,48
0,46,49
0,47,50
0,48,51
0,49,52
0,50,53
0,51,54
0,52,55
0,53,56
0,54,57
0,55,58
0,56,59
0,57,60
0,58,61
0,59,62
0,60,63
0,61,64
0,62,65
0,63,66
PAGE,2,SAME
