FormRevisionMap,"Southwest Desktop Appraisal",913,1,2
PAGE,1,REVISED
0,1,1
0,2,2
0,3,3
0,4,4
0,5,5
0,6,6
0,7,7
0,8,8
0,9,9
0,10,10
0,11,11
0,12,12
0,13,13
0,14,14
0,15,15
0,16,16
0,17,17
0,18,18
0,19,19
0,20,20
0,21,21
0,22,22
0,23,23
0,24,24
0,25,25
0,26,26
0,27,27
0,28,28
0,29,29
0,30,30
0,31,31
0,32,32
0,33,33
0,34,34
0,35,35
0,36,36
0,37,37
0,38,38
0,39,39
0,40,40
0,41,41
0,42,42
0,43,43
0,44,44
0,45,45
0,46,46
0,47,47
0,48,48
0,49,49
0,50,50
0,51,51
0,52,52
0,53,53
0,54,55
0,55,56
0,56,57
0,57,58
0,58,59
0,59,60
0,60,61
0,61,62
0,62,63
0,63,64
0,64,65
0,65,66
0,66,67
0,67,68
0,68,69
0,69,70
0,70,71
0,71,72
0,72,73
0,73,74
0,74,75
0,75,76
0,76,77
0,77,78
0,78,79
0,79,80
0,80,81
0,81,82
0,82,83
0,83,84
0,84,85
0,85,86
0,86,87
0,87,88
0,88,89
0,89,90
0,90,91
0,91,92
0,92,93
0,93,94
0,94,95
0,95,96
0,96,97
0,97,98
0,98,99
0,99,100
0,100,101
0,101,102
0,102,103
0,103,104
0,104,105
0,105,106
0,106,107
0,107,108
0,108,109
0,109,110
0,110,111
0,111,112
0,112,113
0,113,114
0,114,115
0,115,116
0,116,117
0,117,118
0,118,119
0,119,120
0,120,121
0,121,122
0,122,123
0,123,124
0,124,125
0,125,126
0,126,127
0,127,128
0,128,129
0,129,130
0,130,131
0,131,132
0,132,133
0,133,134
0,134,135
0,135,136
0,136,137
0,137,138
0,138,139
0,139,140
0,140,141
0,141,142
0,142,143
0,143,144
0,144,145
0,145,146
0,146,147
0,147,148
0,148,149
0,149,150
0,150,151
0,151,152
0,152,153
0,153,154
0,154,155
0,155,156
0,156,157
0,157,158
0,158,159
0,159,160
0,160,161
0,161,162
0,162,163
0,163,164
0,164,165
0,165,166
0,166,167
0,167,168
0,168,169
0,169,170
0,170,171
0,171,172
0,172,173
0,173,174
0,174,175
0,175,176
0,176,177
0,177,178
0,178,179
0,179,180
0,180,181
0,181,182
0,182,183
0,183,184
0,184,185
0,185,186
0,186,187
0,187,188
0,188,189
0,189,190
0,190,191
0,191,192
0,192,193
PAGE,2,SAME