FormRevisionMap,"Manufactured Housing Inspection",530,1,2
PAGE,1, REVISED
0,1,1
0,2,2
0,3,3
0,4,4
0,5,5
0,6,6
0,7,7
0,8,8
0,9,9
0,10,10
0,11,11
0,12,12
0,13,13
0,14,14
0,15,17
0,16,18
0,17,19
0,18,20
0,19,21
0,20,22
0,21,23
0,22,24
0,23,25
0,24,26
0,25,27
0,26,28
0,27,29
0,28,30
0,29,31
0,30,32
0,31,33
0,32,34
0,33,35
0,34,37
0,35,38
0,36,39
0,37,40
0,38,41
0,39,42
0,40,43
0,41,44
0,42,45
0,43,46
0,44,47
0,45,48
0,46,49
0,47,50
0,48,51
0,49,52
0,50,53
0,51,54
0,52,55
0,53,56
0,54,57
0,55,58
0,56,60
0,57,61
0,58,62
0,59,63
0,60,64
0,61,65