FormRevisionMap, "Review Short 2006",132,1,2
PAGE,1, REVISED
0,1,1
0,2,2
0,3,3
0,4,4
0,5,5
0,6,6
0,7,7
0,8,8
0,9,9
0,10,10
0,11,11
0,12,12
0,13,13
0,14,14
0,15,15
0,16,16
0,17,17
0,18,18
0,19,19
0,20,20
0,21,21
0,22,22
0,23,23
0,24,24
0,25,25
0,26,26
0,27,27
0,28,28
0,29,29
0,30,30
0,31,31
0,32,32
0,33,33
0,34,34
0,35,35
0,36,36
0,37,37
0,38,38
0,39,39
0,40,40
0,41,41
0,42,42
0,43,43
0,44,44
0,45,45
0,46,46
0,47,47
0,48,48
0,49,49
0,50,50
0,51,51
0,52,52
0,53,53
0,54,54
0,55,55
0,56,56
0,57,57
0,58,58
0,59,59
0,60,60
0,61,61
0,62,62
0,63,63
0,64,64
0,65,65
0,66,66
0,67,67
0,68,68
0,69,69
0,70,70
0,71,71
0,72,72
0,73,73
0,74,74
0,75,75
0,76,76
0,77,77
0,78,78
0,79,79
0,80,80
0,81,81
0,82,82
0,83,83
0,84,84
0,85,85
0,86,86
0,87,87
0,88,91
0,89,92
0,90,93
0,91,88
0,92,89
0,93,90
0,94,100
0,95,101
0,96,102
0,97,97
0,98,98
0,99,99
0,100,106
0,101,107
0,102,108
0,103,109
0,104,110
0,105,111
0,106,112
0,107,113
0,108,114
0,109,115
0,110,116
0,111,117
0,112,118
0,113,119
0,114,120
0,115,121
0,116,122
0,117,123
0,118,124
0,119,125
0,120,126
0,121,127
0,122,128
0,123,129
0,124,130
0,125,131
0,126,132
0,127,133
0,128,134
0,129,135
0,130,136
0,131,137
0,132,138
0,133,139
0,134,140
0,135,141
0,136,142
0,137,143
0,138,144
0,139,145
0,140,146
0,141,147
0,142,148
0,143,149
0,144,150
0,145,151
0,146,152
0,147,153
0,148,154
0,149,155
0,150,156
0,151,157
0,152,158
0,153,159
0,154,160
0,155,161
0,156,162
0,157,163
0,158,164
0,159,165
0,160,166
0,161,167
0,162,168
0,163,169
0,164,170
0,165,171
0,166,172
0,167,173
0,168,174
0,169,175
0,170,176
0,171,177
0,172,178
0,173,179
0,174,180
0,175,181
0,176,182
0,177,183
0,178,184
0,179,188
0,180,189
0,181,190