FormRevisionMap, "Property Inspection" ,699, 1, 3
PAGE,1, REVISED
0,1,1
0,2,2
0,3,3
0,4,4
0,5,5
0,6,6
0,7,7
0,8,8
0,9,9
0,10,10
0,11,11
0,12,12
0,13,13
0,14,14
0,15,15
0,16,16
0,17,17
0,18,18
0,19,19
0,20,20
0,21,21
0,22,22
0,23,23
0,24,24
0,25,25
0,26,26
0,27,27
0,28,75
0,29,76
0,30,77
0,31,78
0,32,79
0,33,80
0,34,81
0,35,82
0,36,83
0,37,84
0,38,85
0,39,86
0,40,87
0,41,88
0,42,89
0,43,90
0,44,91
0,45,92
0,46,93
0,47,94
0,48,95
0,49,96
0,50,97
0,51,98
0,52,99
0,53,100
0,54,101
0,55,102
0,56,103
0,57,104
0,58,105
0,59,106
0,60,107
0,61,108
0,62,109
0,63,110
0,64,111
0,65,112
0,66,113
0,67,114
0,68,115
0,69,116
0,70,117
0,71,118
0,72,119
0,73,120
0,74,121
0,75,122
0,76,123
0,77,124
0,78,125
0,79,126
0,80,127
0,81,128
0,82,129
0,83,130
0,84,131
0,85,132
0,86,133
0,87,134
0,88,135
0,89,136
0,90,137
0,91,138
0,92,139
0,93,140
0,94,141
0,95,142
0,96,143
0,97,144
0,98,145
0,99,146
0,100,147
0,101,148
0,102,149
0,103,150
0,104,151
0,105,152
0,106,153
0,107,154
0,108,155
0,109,156
0,110,157
0,111,158
0,112,159
0,113,160
0,114,161
0,115,162
0,116,163
0,117,164
0,118,165
0,119,166
0,120,167
0,121,168
0,122,169
0,123,170
0,124,171
0,125,172
0,126,173
0,127,174
0,128,175
0,129,176
0,130,177
0,131,178
0,132,179
0,133,180
0,134,181
0,135,182
0,136,183
0,137,184
0,138,185
0,139,186
0,140,187
0,141,188
0,142,189
0,143,190
0,144,191
0,145,192
0,146,193
0,147,194
0,148,195
0,149,196
0,150,197
0,151,198
0,152,199
0,153,200
0,154,201
0,155,202
0,156,203
0,157,204
0,158,205
0,159,206
0,160,207
0,161,208
0,162,209
0,163,210
0,164,211
0,165,212
0,166,29
0,167,28
0,168,31
0,169,30
0,170,33
0,171,32
0,172,35
0,173,34
0,174,37
0,175,36
0,176,40
0,177,38
0,178,39
0,179,43
0,180,41
0,181,42
0,182,46
0,183,44
0,184,45
0,185,49
0,186,47
0,187,48
0,188,52
0,189,50
0,190,51
0,191,53
0,192,54
0,193,55
0,194,56
0,195,57
0,196,58
0,197,59
0,198,60
0,199,61
0,200,62
0,201,63
0,202,64
0,203,65
0,204,66
0,205,67
0,206,68
0,207,69
0,208,70
0,209,71
0,210,72
0,211,73
0,212,74